"logcon","smooth","K.S"
"1",0.001,NA,1.43355342960838e-05
"2",0.001,NA,0.0061554466603374
"3",0.001,NA,8.31554388680544e-08
"4",0.001,NA,0.000414535182163278
"5",0.001,NA,5.6327531794409e-07
"6",0.005,NA,0.00293388097445924
"7",0.001,NA,0.00226209984200354
"8",0.001,NA,2.07652221577703e-05
"9",0.001,NA,8.14700074069918e-07
"10",0.008,NA,0.00991306014786442
"11",0.001,NA,4.49197988261485e-06
"12",0.001,NA,5.6327531794409e-07
"13",0.001,NA,0.00173489159612916
"14",0.03,NA,0.0124506515852041
"15",0.001,NA,6.63633287523169e-06
"16",0.002,NA,0.000165925744671003
"17",0.019,NA,0.0153884656148784
"18",0.005,NA,0.0153884656148784
"19",0.001,NA,0.000414535182163278
"20",0.001,NA,0.00131525699734414
"21",0.002,NA,0.000995587375361429
"22",0.002,NA,0.000754051894885976
"23",0.002,NA,0.00379192325370625
"24",0.001,NA,6.63633287523169e-06
"25",0.001,NA,0.000118525403126402
"26",0.002,NA,0.00173489159612916
"27",0.003,NA,0.00131525699734414
"28",0.001,NA,4.49197988261485e-06
"29",0.002,NA,0.00131525699734414
"30",0.001,NA,6.00175156008076e-05
"31",0.001,NA,0.00173489159612916
"32",0.001,NA,6.63633287523169e-06
"33",0.001,NA,2.08939113122142e-07
"34",0.001,NA,0.00226209984200354
"35",0.001,NA,4.31213369015415e-05
"36",0.001,NA,0.000165925744671003
"37",0.001,NA,4.31213369015415e-05
"38",0.001,NA,4.49197988261485e-06
"39",0.001,NA,0.000565698421827632
"40",0.001,NA,0.00173489159612916
"41",0.007,NA,0.0124506515852041
"42",0.017,NA,0.00486178055538844
"43",0.001,NA,4.49197988261485e-06
"44",0.001,NA,1.43355342960838e-05
"45",0.001,NA,2.07652221577703e-05
"46",0.001,NA,0.000304022930789682
"47",0.001,NA,4.31213369015415e-05
"48",0.002,NA,0.000304022930789682
"49",0.001,NA,8.3767285239511e-05
"50",0.001,NA,2.08939113122142e-07
"51",0.001,NA,0.000414535182163278
"52",0.001,NA,0.000225266396098323
"53",0.001,NA,8.3767285239511e-05
"54",0.004,NA,0.00293388097445924
"55",0.001,NA,4.49197988261485e-06
"56",0.001,NA,3.0099578535947e-05
"57",0.007,NA,0.0153884656148784
"58",0.001,NA,0.000995587375361429
"59",0.001,NA,0.000118525403126402
"60",0.001,NA,3.06603408173345e-06
"61",0.001,NA,9.87712549738173e-06
"62",0.001,NA,0.000414535182163278
"63",0.001,NA,8.3767285239511e-05
"64",0.001,NA,8.3767285239511e-05
"65",0.001,NA,0.00131525699734414
"66",0.001,NA,2.01829422796784e-06
"67",0.001,NA,0.000754051894885976
"68",0.001,NA,3.0099578535947e-05
"69",0.001,NA,9.87712549738173e-06
"70",0.001,NA,0.000118525403126402
"71",0.001,NA,3.0099578535947e-05
"72",0.002,NA,0.00226209984200354
"73",0.001,NA,0.000225266396098323
"74",0.001,NA,0.00173489159612916
"75",0.001,NA,0.000304022930789682
"76",0.001,NA,5.87538133700605e-08
"77",0.002,NA,0.00486178055538844
"78",0.001,NA,3.0099578535947e-05
"79",0.001,NA,6.00175156008076e-05
"80",0.001,NA,0.000565698421827632
"81",0.001,NA,1.19547458155012e-07
"82",0.001,NA,4.31213369015415e-05
"83",0.004,NA,0.0124506515852041
"84",0.001,NA,5.87538133700605e-08
"85",0.001,NA,7.32900506950074e-09
"86",0.001,NA,2.07652221577703e-05
"87",0.001,NA,6.63633287523169e-06
"88",0.003,NA,0.00781590304643887
"89",0.008,NA,0.00486178055538844
"90",0.001,NA,4.31213369015415e-05
"91",0.001,NA,6.00175156008076e-05
"92",0.001,NA,6.63633287523169e-06
"93",0.001,NA,1.43355342960838e-05
"94",0.001,NA,4.31213369015415e-05
"95",0.001,NA,0.000165925744671003
"96",0.01,NA,0.00781590304643887
"97",0.001,NA,0.000565698421827632
"98",0.001,NA,0.00293388097445924
"99",0.001,NA,8.14700074069918e-07
"100",0.001,NA,3.71469395132884e-07
"101",0.001,NA,0.000118525403126402
"102",0.002,NA,0.00173489159612916
"103",0.001,NA,2.01829422796784e-06
"104",0.001,NA,0.000304022930789682
"105",0.001,NA,3.71469395132884e-07
"106",0.001,NA,2.07652221577703e-05
"107",0.001,NA,0.000995587375361429
"108",0.001,NA,2.07652221577703e-05
"109",0.004,NA,0.00173489159612916
"110",0.039,NA,0.08829099122278
"111",0.001,NA,0.00131525699734414
"112",0.001,NA,3.0099578535947e-05
"113",0.001,NA,1.43355342960838e-05
"114",0.001,NA,0.000165925744671003
"115",0.001,NA,6.00175156008076e-05
"116",0.003,NA,0.000304022930789682
"117",0.001,NA,3.71469395132884e-07
"118",0.001,NA,8.14700074069918e-07
"119",0.001,NA,9.87712549738173e-06
"120",0.002,NA,0.000225266396098323
"121",0.001,NA,0.000118525403126402
"122",0.001,NA,0.000754051894885976
"123",0.002,NA,0.000304022930789682
"124",0.001,NA,4.31213369015415e-05
"125",0.001,NA,0.000565698421827632
"126",0.001,NA,8.3767285239511e-05
"127",0.001,NA,8.3767285239511e-05
"128",0.001,NA,0.000225266396098323
"129",0.002,NA,0.00131525699734414
"130",0.001,NA,1.43355342960838e-05
"131",0.001,NA,0.000565698421827632
"132",0.001,NA,3.0099578535947e-05
"133",0.001,NA,0.000304022930789682
"134",0.004,NA,0.0235963921429023
"135",0.001,NA,2.07652221577703e-05
"136",0.001,NA,2.07652221577703e-05
"137",0.001,NA,0.000995587375361429
"138",0.001,NA,3.71469395132884e-07
"139",0.001,NA,0.000754051894885976
"140",0.006,NA,0.000995587375361429
"141",0.001,NA,1.43355342960838e-05
"142",0.014,NA,0.042711738969382
"143",0.003,NA,0.0190159276889535
"144",0.001,NA,2.08939113122142e-07
"145",0.004,NA,0.00486178055538844
"146",0.002,NA,0.0061554466603374
"147",0.001,NA,0.000414535182163278
"148",0.019,NA,0.0290800845283452
"149",0.001,NA,8.14700074069918e-07
"150",0.001,NA,2.07652221577703e-05
"151",0.001,NA,3.17243209480012e-08
"152",0.002,NA,0.000754051894885976
"153",0.001,NA,6.00175156008076e-05
"154",0.002,NA,0.000414535182163278
"155",0.003,NA,0.00226209984200354
"156",0.001,NA,3.71469395132884e-07
"157",0.006,NA,0.00293388097445924
"158",0.001,NA,2.01829422796784e-06
"159",0.001,NA,1.25676477469305e-06
"160",0.001,NA,4.31213369015415e-05
"161",0.014,NA,0.042711738969382
"162",0.001,NA,1.25676477469305e-06
"163",0.001,NA,3.06603408173345e-06
"164",0.001,NA,6.63633287523169e-06
"165",0.001,NA,3.71469395132884e-07
"166",0.001,NA,2.07652221577703e-05
"167",0.001,NA,6.63633287523169e-06
"168",0.001,NA,0.00173489159612916
"169",0.005,NA,0.0124506515852041
"170",0.004,NA,0.00131525699734414
"171",0.004,NA,0.0061554466603374
"172",0.001,NA,0.000118525403126402
"173",0.002,NA,0.00131525699734414
"174",0.003,NA,0.00131525699734414
"175",0.028,NA,0.062190003462748
"176",0.001,NA,0.000414535182163278
"177",0.002,NA,0.00173489159612916
"178",0.004,NA,0.0352956393152311
"179",0.001,NA,0.000225266396098323
"180",0.001,NA,0.000304022930789682
"181",0.001,NA,4.31213369015415e-05
"182",0.002,NA,4.31213369015415e-05
"183",0.002,NA,3.0099578535947e-05
"184",0.001,NA,6.63633287523169e-06
"185",0.001,NA,0.000225266396098323
"186",0.001,NA,5.6327531794409e-07
"187",0.001,NA,9.87712549738173e-06
"188",0.001,NA,4.49197988261485e-06
"189",0.001,NA,8.14700074069918e-07
"190",0.001,NA,8.3767285239511e-05
"191",0.032,NA,0.042711738969382
"192",0.001,NA,2.07652221577703e-05
"193",0.001,NA,3.71469395132884e-07
"194",0.001,NA,2.01829422796784e-06
"195",0.001,NA,6.00175156008076e-05
"196",0.001,NA,0.000225266396098323
"197",0.016,NA,0.0290800845283452
"198",0.001,NA,6.63633287523169e-06
"199",0.001,NA,3.0099578535947e-05
"200",0.001,NA,4.49197988261485e-06
"201",0.001,NA,2.07652221577703e-05
"202",0.001,NA,3.0099578535947e-05
"203",0.001,NA,0.000414535182163278
"204",0.001,NA,1.25676477469305e-06
"205",0.001,NA,0.000995587375361429
"206",0.001,NA,4.49197988261485e-06
"207",0.001,NA,2.07652221577703e-05
"208",0.001,NA,3.06603408173345e-06
"209",0.002,NA,0.00781590304643887
"210",0.001,NA,4.31213369015415e-05
"211",0.001,NA,1.25676477469305e-06
"212",0.001,NA,0.000754051894885976
"213",0.001,NA,2.08939113122142e-07
"214",0.001,NA,7.32900506950074e-09
"215",0.001,NA,0.00293388097445924
"216",0.002,NA,0.00486178055538844
"217",0.001,NA,1.25676477469305e-06
"218",0.001,NA,0.000754051894885976
"219",0.002,NA,0.00293388097445924
"220",0.001,NA,0.00131525699734414
"221",0.001,NA,2.08939113122142e-07
"222",0.001,NA,4.49197988261485e-06
"223",0.001,NA,9.87712549738173e-06
"224",0.001,NA,6.00175156008076e-05
"225",0.001,NA,0.000225266396098323
"226",0.001,NA,8.3767285239511e-05
"227",0.001,NA,0.000165925744671003
"228",0.001,NA,0.000565698421827632
"229",0.008,NA,0.0190159276889535
"230",0.001,NA,1.25676477469305e-06
"231",0.001,NA,2.07652221577703e-05
"232",0.013,NA,0.0153884656148784
"233",0.001,NA,5.87538133700605e-08
"234",0.001,NA,0.000304022930789682
"235",0.001,NA,0.000565698421827632
"236",0.001,NA,8.3767285239511e-05
"237",0.001,NA,0.000565698421827632
"238",0.001,NA,3.71469395132884e-07
"239",0.002,NA,0.000304022930789682
"240",0.001,NA,0.000414535182163278
"241",0.001,NA,5.6327531794409e-07
"242",0.001,NA,0.00293388097445924
"243",0.001,NA,0.000118525403126402
"244",0.001,NA,4.31213369015415e-05
"245",0.001,NA,0.000414535182163278
"246",0.003,NA,0.00131525699734414
"247",0.001,NA,8.3767285239511e-05
"248",0.001,NA,8.14700074069918e-07
"249",0.003,NA,0.00991306014786442
"250",0.001,NA,4.49197988261485e-06
"251",0.001,NA,1.43355342960838e-05
"252",0.001,NA,1.43355342960838e-05
"253",0.001,NA,2.01829422796784e-06
"254",0.002,NA,0.00486178055538844
"255",0.001,NA,0.0190159276889535
"256",0.001,NA,8.31554388680544e-08
"257",0.002,NA,0.00173489159612916
"258",0.001,NA,0.000165925744671003
"259",0.002,NA,0.000304022930789682
"260",0.001,NA,0.000225266396098323
"261",0.001,NA,8.14700074069918e-07
"262",0.001,NA,9.87712549738173e-06
"263",0.001,NA,7.32900506950074e-09
"264",0.001,NA,3.0099578535947e-05
"265",0.001,NA,0.000304022930789682
"266",0.002,NA,0.000565698421827632
"267",0.001,NA,0.000304022930789682
"268",0.001,NA,0.00226209984200354
"269",0.001,NA,0.000414535182163278
"270",0.001,NA,2.07652221577703e-05
"271",0.001,NA,6.63633287523169e-06
"272",0.004,NA,0.00486178055538844
"273",0.001,NA,9.87712549738173e-06
"274",0.001,NA,3.17243209480012e-08
"275",0.001,NA,4.31213369015415e-05
"276",0.001,NA,4.31213369015415e-05
"277",0.001,NA,0.000565698421827632
"278",0.001,NA,4.31213369015415e-05
"279",0.001,NA,6.00175156008076e-05
"280",0.001,NA,6.63633287523169e-06
"281",0.011,NA,0.0124506515852041
"282",0.001,NA,8.3767285239511e-05
"283",0.005,NA,0.0124506515852041
"284",0.001,NA,4.31213369015415e-05
"285",0.003,NA,0.00379192325370625
"286",0.001,NA,3.0099578535947e-05
"287",0.001,NA,4.31213369015415e-05
"288",0.002,NA,0.00379192325370625
"289",0.001,NA,1.43355342960838e-05
"290",0.001,NA,2.07652221577703e-05
"291",0.001,NA,8.3767285239511e-05
"292",0.001,NA,3.71469395132884e-07
"293",0.006,NA,0.0235963921429023
"294",0.001,NA,4.31213369015415e-05
"295",0.001,NA,4.49197988261485e-06
"296",0.001,NA,8.31554388680544e-08
"297",0.001,NA,1.43355342960838e-05
"298",0.001,NA,0.00131525699734414
"299",0.001,NA,4.49197988261485e-06
"300",0.002,NA,0.00131525699734414
"301",0.001,NA,6.63633287523169e-06
"302",0.001,NA,6.00175156008076e-05
"303",0.001,NA,0.000118525403126402
"304",0.001,NA,0.00293388097445924
"305",0.001,NA,6.00175156008076e-05
"306",0.001,NA,2.07652221577703e-05
"307",0.001,NA,3.0099578535947e-05
"308",0.001,NA,0.000165925744671003
"309",0.001,NA,1.25676477469305e-06
"310",0.001,NA,0.00131525699734414
"311",0.001,NA,8.3767285239511e-05
"312",0.001,NA,6.00175156008076e-05
"313",0.001,NA,0.000118525403126402
"314",0.001,NA,6.63633287523169e-06
"315",0.001,NA,6.63633287523169e-06
"316",0.001,NA,3.0099578535947e-05
"317",0.001,NA,4.49197988261485e-06
"318",0.001,NA,0.00293388097445924
"319",0.001,NA,2.07652221577703e-05
"320",0.031,NA,0.0153884656148784
"321",0.001,NA,0.000225266396098323
"322",0.001,NA,0.000118525403126402
"323",0.001,NA,0.00173489159612916
"324",0.001,NA,8.14700074069918e-07
"325",0.001,NA,1.43355342960838e-05
"326",0.002,NA,0.00991306014786442
"327",0.001,NA,4.31213369015415e-05
"328",0.001,NA,0.000995587375361429
"329",0.001,NA,6.00175156008076e-05
"330",0.001,NA,0.000304022930789682
"331",0.001,NA,0.00379192325370625
"332",0.001,NA,6.00175156008076e-05
"333",0.001,NA,3.06603408173345e-06
"334",0.001,NA,1.43355342960838e-05
"335",0.001,NA,8.95304619330517e-09
"336",0.005,NA,0.0235963921429023
"337",0.001,NA,0.000754051894885976
"338",0.002,NA,0.00379192325370625
"339",0.005,NA,0.00293388097445924
"340",0.001,NA,8.14700074069918e-07
"341",0.001,NA,0.000225266396098323
"342",0.004,NA,0.00991306014786442
"343",0.001,NA,8.31554388680544e-08
"344",0.001,NA,0.000414535182163278
"345",0.002,NA,0.000754051894885976
"346",0.001,NA,8.31554388680544e-08
"347",0.004,NA,0.000995587375361429
"348",0.001,NA,4.31213369015415e-05
"349",0.001,NA,0.000225266396098323
"350",0.003,NA,0.00173489159612916
"351",0.002,NA,0.00173489159612916
"352",0.001,NA,6.00175156008076e-05
"353",0.001,NA,0.00293388097445924
"354",0.003,NA,0.00173489159612916
"355",0.001,NA,8.31554388680544e-08
"356",0.003,NA,0.00486178055538844
"357",0.001,NA,5.6327531794409e-07
"358",0.001,NA,8.3767285239511e-05
"359",0.001,NA,3.06603408173345e-06
"360",0.001,NA,9.87712549738173e-06
"361",0.001,NA,6.63633287523169e-06
"362",0.001,NA,9.87712549738173e-06
"363",0.005,NA,0.00131525699734414
"364",0.001,NA,1.19547458155012e-07
"365",0.001,NA,0.00173489159612916
"366",0.001,NA,2.07652221577703e-05
"367",0.001,NA,6.63633287523169e-06
"368",0.001,NA,0.00293388097445924
"369",0.001,NA,0.000304022930789682
"370",0.001,NA,1.43355342960838e-05
"371",0.001,NA,0.000304022930789682
"372",0.001,NA,5.6327531794409e-07
"373",0.001,NA,0.000414535182163278
"374",0.001,NA,3.71469395132884e-07
"375",0.001,NA,0.000165925744671003
"376",0.003,NA,0.0290800845283452
"377",0.001,NA,4.31213369015415e-05
"378",0.007,NA,0.042711738969382
"379",0.001,NA,0.000165925744671003
"380",0.001,NA,2.01829422796784e-06
"381",0.001,NA,4.31213369015415e-05
"382",0.002,NA,0.00131525699734414
"383",0.001,NA,6.63633287523169e-06
"384",0.001,NA,0.000118525403126402
"385",0.001,NA,1.25676477469305e-06
"386",0.001,NA,4.31213369015415e-05
"387",0.001,NA,3.0099578535947e-05
"388",0.001,NA,2.07652221577703e-05
"389",0.001,NA,2.01829422796784e-06
"390",0.001,NA,0.000995587375361429
"391",0.001,NA,4.49197988261485e-06
"392",0.001,NA,0.0061554466603374
"393",0.001,NA,9.87712549738173e-06
"394",0.006,NA,0.0352956393152311
"395",0.001,NA,4.49197988261485e-06
"396",0.006,NA,0.00486178055538844
"397",0.001,NA,4.49197988261485e-06
"398",0.001,NA,0.000225266396098323
"399",0.001,NA,2.83922885202514e-11
"400",0.001,NA,3.17243209480012e-08
"401",0.001,NA,0.000304022930789682
"402",0.003,NA,0.00173489159612916
"403",0.001,NA,0.000414535182163278
"404",0.001,NA,0.000118525403126402
"405",0.001,NA,1.19547458155012e-07
"406",0.02,NA,0.0124506515852041
"407",0.001,NA,0.000304022930789682
"408",0.003,NA,0.00173489159612916
"409",0.001,NA,0.000565698421827632
"410",0.001,NA,0.00486178055538844
"411",0.001,NA,2.01829422796784e-06
"412",0.005,NA,0.00486178055538844
"413",0.001,NA,0.000118525403126402
"414",0.001,NA,1.19547458155012e-07
"415",0.001,NA,2.07652221577703e-05
"416",0.001,NA,3.71469395132884e-07
"417",0.001,NA,5.6327531794409e-07
"418",0.001,NA,3.0099578535947e-05
"419",0.001,NA,4.31213369015415e-05
"420",0.001,NA,4.31213369015415e-05
"421",0.001,NA,0.000995587375361429
"422",0.001,NA,0.000414535182163278
"423",0.001,NA,0.000165925744671003
"424",0.001,NA,6.63633287523169e-06
"425",0.001,NA,0.000414535182163278
"426",0.001,NA,3.0099578535947e-05
"427",0.001,NA,0.000225266396098323
"428",0.001,NA,1.43355342960838e-05
"429",0.001,NA,1.25676477469305e-06
"430",0.001,NA,9.87712549738173e-06
"431",0.001,NA,8.3767285239511e-05
"432",0.001,NA,8.3767285239511e-05
"433",0.001,NA,0.000118525403126402
"434",0.001,NA,0.000414535182163278
"435",0.001,NA,2.01829422796784e-06
"436",0.017,NA,0.00991306014786442
"437",0.002,NA,0.000304022930789682
"438",0.003,NA,0.00486178055538844
"439",0.001,NA,2.01829422796784e-06
"440",0.001,NA,0.000225266396098323
"441",0.001,NA,6.00175156008076e-05
"442",0.001,NA,0.00379192325370625
"443",0.001,NA,2.08939113122142e-07
"444",0.001,NA,3.0099578535947e-05
"445",0.001,NA,2.08939113122142e-07
"446",0.001,NA,0.000225266396098323
"447",0.001,NA,8.14700074069918e-07
"448",0.001,NA,3.06603408173345e-06
"449",0.001,NA,3.0099578535947e-05
"450",0.001,NA,0.000165925744671003
"451",0.028,NA,0.062190003462748
"452",0.001,NA,9.87712549738173e-06
"453",0.005,NA,0.0124506515852041
"454",0.001,NA,3.0099578535947e-05
"455",0.001,NA,0.000565698421827632
"456",0.02,NA,0.0190159276889535
"457",0.001,NA,0.000754051894885976
"458",0.001,NA,4.49197988261485e-06
"459",0.002,NA,0.00226209984200354
"460",0.001,NA,0.000414535182163278
"461",0.001,NA,0.000414535182163278
"462",0.001,NA,2.01829422796784e-06
"463",0.001,NA,0.00173489159612916
"464",0.001,NA,2.08939113122142e-07
"465",0.001,NA,3.0099578535947e-05
"466",0.001,NA,0.000118525403126402
"467",0.001,NA,0.000754051894885976
"468",0.001,NA,3.17243209480012e-08
"469",0.001,NA,0.000754051894885976
"470",0.001,NA,3.06603408173345e-06
"471",0.001,NA,2.07652221577703e-05
"472",0.001,NA,0.000225266396098323
"473",0.001,NA,0.000414535182163278
"474",0.001,NA,2.08939113122142e-07
"475",0.001,NA,6.63633287523169e-06
"476",0.001,NA,1.25676477469305e-06
"477",0.001,NA,8.3767285239511e-05
"478",0.001,NA,0.00131525699734414
"479",0.001,NA,8.3767285239511e-05
"480",0.001,NA,2.01829422796784e-06
"481",0.001,NA,6.63633287523169e-06
"482",0.001,NA,8.3767285239511e-05
"483",0.001,NA,3.0099578535947e-05
"484",0.001,NA,3.0099578535947e-05
"485",0.001,NA,5.6327531794409e-07
"486",0.003,NA,0.00379192325370625
"487",0.001,NA,4.31213369015415e-05
"488",0.001,NA,2.01829422796784e-06
"489",0.001,NA,0.000118525403126402
"490",0.001,NA,0.000118525403126402
"491",0.001,NA,3.0099578535947e-05
"492",0.001,NA,4.49197988261485e-06
"493",0.001,NA,0.000995587375361429
"494",0.001,NA,3.06603408173345e-06
"495",0.001,NA,8.3767285239511e-05
"496",0.001,NA,0.000565698421827632
"497",0.007,NA,0.00781590304643887
"498",0.001,NA,6.63633287523169e-06
"499",0.001,NA,2.01829422796784e-06
"500",0.001,NA,0.00173489159612916
"501",0.001,NA,3.17243209480012e-08
"502",0.001,NA,6.63633287523169e-06
"503",0.001,NA,0.000165925744671003
"504",0.003,NA,0.0061554466603374
"505",0.001,NA,3.06603408173345e-06
"506",0.001,NA,0.000414535182163278
"507",0.002,NA,0.000565698421827632
"508",0.001,NA,8.3767285239511e-05
"509",0.003,NA,0.00226209984200354
"510",0.001,NA,4.31213369015415e-05
"511",0.001,NA,0.000414535182163278
"512",0.002,NA,0.00173489159612916
"513",0.001,NA,1.25676477469305e-06
"514",0.007,NA,0.0235963921429023
"515",0.001,NA,6.00175156008076e-05
"516",0.001,NA,3.0099578535947e-05
"517",0.001,NA,2.07652221577703e-05
"518",0.001,NA,4.31213369015415e-05
"519",0.001,NA,0.000165925744671003
"520",0.001,NA,2.07652221577703e-05
"521",0.001,NA,4.31213369015415e-05
"522",0.001,NA,4.31213369015415e-05
"523",0.001,NA,0.000118525403126402
"524",0.001,NA,2.01829422796784e-06
"525",0.002,NA,0.000754051894885976
"526",0.001,NA,0.00226209984200354
"527",0.001,NA,8.14700074069918e-07
"528",0.001,NA,0.000165925744671003
"529",0.001,NA,7.32900506950074e-09
"530",0.001,NA,0.000754051894885976
"531",0.001,NA,4.49197988261485e-06
"532",0.001,NA,0.000118525403126402
"533",0.001,NA,3.0099578535947e-05
"534",0.001,NA,6.63633287523169e-06
"535",0.002,NA,0.000225266396098323
"536",0.001,NA,3.71469395132884e-07
"537",0.001,NA,3.06603408173345e-06
"538",0.001,NA,6.00175156008076e-05
"539",0.001,NA,0.000225266396098323
"540",0.001,NA,0.000225266396098323
"541",0.001,NA,0.000118525403126402
"542",0.001,NA,3.0099578535947e-05
"543",0.001,NA,6.00175156008076e-05
"544",0.001,NA,0.000165925744671003
"545",0.001,NA,0.000565698421827632
"546",0.001,NA,2.01829422796784e-06
"547",0.001,NA,0.00379192325370625
"548",0.003,NA,0.00781590304643887
"549",0.001,NA,9.87712549738173e-06
"550",0.005,NA,0.00173489159612916
"551",0.001,NA,0.00991306014786442
"552",0.001,NA,1.19547458155012e-07
"553",0.001,NA,0.00293388097445924
"554",0.001,NA,0.000165925744671003
"555",0.001,NA,2.01829422796784e-06
"556",0.001,NA,2.08939113122142e-07
"557",0.001,NA,0.000118525403126402
"558",0.001,NA,1.43355342960838e-05
"559",0.001,NA,0.000118525403126402
"560",0.001,NA,3.0099578535947e-05
"561",0.001,NA,4.49197988261485e-06
"562",0.001,NA,0.000304022930789682
"563",0.001,NA,8.14700074069918e-07
"564",0.001,NA,4.31213369015415e-05
"565",0.001,NA,0.000565698421827632
"566",0.001,NA,2.07652221577703e-05
"567",0.001,NA,1.19547458155012e-07
"568",0.001,NA,0.00486178055538844
"569",0.001,NA,0.00173489159612916
"570",0.003,NA,0.000995587375361429
"571",0.001,NA,4.49197988261485e-06
"572",0.001,NA,8.14700074069918e-07
"573",0.002,NA,0.00991306014786442
"574",0.007,NA,0.00293388097445924
"575",0.001,NA,3.0099578535947e-05
"576",0.001,NA,0.000165925744671003
"577",0.001,NA,0.000225266396098323
"578",0.003,NA,0.000995587375361429
"579",0.007,NA,0.042711738969382
"580",0.001,NA,9.87712549738173e-06
"581",0.001,NA,2.07652221577703e-05
"582",0.002,NA,0.000225266396098323
"583",0.001,NA,0.000754051894885976
"584",0.002,NA,8.3767285239511e-05
"585",0.003,NA,0.00173489159612916
"586",0.001,NA,8.14700074069918e-07
"587",0.004,NA,0.00293388097445924
"588",0.001,NA,8.14700074069918e-07
"589",0.001,NA,3.17243209480012e-08
"590",0.001,NA,6.63633287523169e-06
"591",0.006,NA,0.000565698421827632
"592",0.001,NA,1.43355342960838e-05
"593",0.037,NA,0.0235963921429023
"594",0.001,NA,3.0099578535947e-05
"595",0.001,NA,3.0099578535947e-05
"596",0.002,NA,0.00131525699734414
"597",0.001,NA,1.19547458155012e-07
"598",0.001,NA,4.31213369015415e-05
"599",0.001,NA,6.00175156008076e-05
"600",0.001,NA,2.08939113122142e-07
"601",0.001,NA,2.01829422796784e-06
"602",0.001,NA,0.00226209984200354
"603",0.005,NA,0.00293388097445924
"604",0.002,NA,0.000754051894885976
"605",0.001,NA,6.00175156008076e-05
"606",0.007,NA,0.00486178055538844
"607",0.001,NA,0.000165925744671003
"608",0.002,NA,0.0153884656148784
"609",0.001,NA,5.6327531794409e-07
"610",0.001,NA,6.00175156008076e-05
"611",0.001,NA,1.43355342960838e-05
"612",0.001,NA,2.07652221577703e-05
"613",0.014,NA,0.0153884656148784
"614",0.001,NA,3.0099578535947e-05
"615",0.001,NA,0.000118525403126402
"616",0.001,NA,0.000165925744671003
"617",0.035,NA,0.08829099122278
"618",0.001,NA,0.000165925744671003
"619",0.001,NA,0.000118525403126402
"620",0.001,NA,2.01829422796784e-06
"621",0.002,NA,0.000225266396098323
"622",0.001,NA,0.000225266396098323
"623",0.001,NA,1.60258806225499e-10
"624",0.001,NA,0.00131525699734414
"625",0.001,NA,0.000414535182163278
"626",0.003,NA,0.0153884656148784
"627",0.001,NA,3.0099578535947e-05
"628",0.001,NA,6.00175156008076e-05
"629",0.001,NA,1.25676477469305e-06
"630",0.002,NA,0.000754051894885976
"631",0.001,NA,0.00226209984200354
"632",0.001,NA,0.000414535182163278
"633",0.001,NA,0.000165925744671003
"634",0.003,NA,0.00379192325370625
"635",0.002,NA,0.00486178055538844
"636",0.001,NA,2.07652221577703e-05
"637",0.002,NA,0.00379192325370625
"638",0.001,NA,3.06603408173345e-06
"639",0.003,NA,0.0124506515852041
"640",0.001,NA,0.000414535182163278
"641",0.001,NA,8.3767285239511e-05
"642",0.002,NA,0.00293388097445924
"643",0.001,NA,0.00131525699734414
"644",0.006,NA,0.0153884656148784
"645",0.001,NA,8.31554388680544e-08
"646",0.001,NA,0.000304022930789682
"647",0.001,NA,0.000225266396098323
"648",0.001,NA,0.000304022930789682
"649",0.001,NA,0.000165925744671003
"650",0.002,NA,0.000754051894885976
"651",0.001,NA,2.01829422796784e-06
"652",0.001,NA,0.000565698421827632
"653",0.001,NA,6.00175156008076e-05
"654",0.001,NA,3.0099578535947e-05
"655",0.001,NA,0.000995587375361429
"656",0.002,NA,0.000165925744671003
"657",0.001,NA,0.00293388097445924
"658",0.001,NA,3.06603408173345e-06
"659",0.066,NA,0.225355709764238
"660",0.001,NA,2.07652221577703e-05
"661",0.001,NA,0.00131525699734414
"662",0.001,NA,0.00486178055538844
"663",0.001,NA,6.00175156008076e-05
"664",0.001,NA,8.3767285239511e-05
"665",0.006,NA,0.0061554466603374
"666",0.002,NA,0.0061554466603374
"667",0.001,NA,4.31213369015415e-05
"668",0.001,NA,0.000995587375361429
"669",0.001,NA,0.000414535182163278
"670",0.001,NA,0.000165925744671003
"671",0.001,NA,0.000414535182163278
"672",0.001,NA,0.000225266396098323
"673",0.002,NA,0.000414535182163278
"674",0.001,NA,5.6327531794409e-07
"675",0.001,NA,6.00175156008076e-05
"676",0.001,NA,0.000165925744671003
"677",0.001,NA,0.000754051894885976
"678",0.001,NA,4.49197988261485e-06
"679",0.002,NA,0.00131525699734414
"680",0.001,NA,0.00226209984200354
"681",0.001,NA,2.07652221577703e-05
"682",0.001,NA,1.43803966512479e-08
"683",0.001,NA,9.87712549738173e-06
"684",0.019,NA,0.0124506515852041
"685",0.001,NA,4.49197988261485e-06
"686",0.001,NA,0.000165925744671003
"687",0.001,NA,0.000414535182163278
"688",0.001,NA,3.71469395132884e-07
"689",0.001,NA,0.000995587375361429
"690",0.001,NA,0.00226209984200354
"691",0.002,NA,0.000565698421827632
"692",0.001,NA,8.31554388680544e-08
"693",0.001,NA,3.06603408173345e-06
"694",0.001,NA,0.000118525403126402
"695",0.001,NA,3.06603408173345e-06
"696",0.001,NA,9.87712549738173e-06
"697",0.002,NA,0.00379192325370625
"698",0.001,NA,6.00175156008076e-05
"699",0.002,NA,6.00175156008076e-05
"700",0.001,NA,1.25676477469305e-06
"701",0.001,NA,1.25676477469305e-06
"702",0.001,NA,6.00175156008076e-05
"703",0.001,NA,2.07652221577703e-05
"704",0.004,NA,0.00781590304643887
"705",0.002,NA,0.000414535182163278
"706",0.005,NA,0.00293388097445924
"707",0.001,NA,0.000225266396098323
"708",0.001,NA,3.0099578535947e-05
"709",0.001,NA,6.63633287523169e-06
"710",0.001,NA,0.000225266396098323
"711",0.001,NA,0.000565698421827632
"712",0.001,NA,9.87712549738173e-06
"713",0.001,NA,0.000165925744671003
"714",0.005,NA,0.00991306014786442
"715",0.001,NA,3.0099578535947e-05
"716",0.004,NA,0.00226209984200354
"717",0.001,NA,0.000225266396098323
"718",0.001,NA,0.000225266396098323
"719",0.001,NA,9.87712549738173e-06
"720",0.001,NA,0.000165925744671003
"721",0.001,NA,0.000118525403126402
"722",0.011,NA,0.0153884656148784
"723",0.001,NA,5.87538133700605e-08
"724",0.003,NA,0.00131525699734414
"725",0.001,NA,0.000165925744671003
"726",0.001,NA,3.0099578535947e-05
"727",0.001,NA,2.01829422796784e-06
"728",0.001,NA,3.71469395132884e-07
"729",0.001,NA,0.000225266396098323
"730",0.001,NA,0.000565698421827632
"731",0.003,NA,0.000225266396098323
"732",0.002,NA,0.00486178055538844
"733",0.001,NA,0.00131525699734414
"734",0.001,NA,0.00131525699734414
"735",0.001,NA,0.00293388097445924
"736",0.003,NA,0.00173489159612916
"737",0.001,NA,2.07652221577703e-05
"738",0.001,NA,0.000414535182163278
"739",0.001,NA,4.31213369015415e-05
"740",0.001,NA,0.000754051894885976
"741",0.001,NA,2.07652221577703e-05
"742",0.001,NA,1.43355342960838e-05
"743",0.001,NA,2.07652221577703e-05
"744",0.001,NA,6.00175156008076e-05
"745",0.001,NA,0.00173489159612916
"746",0.001,NA,2.07652221577703e-05
"747",0.002,NA,6.00175156008076e-05
"748",0.001,NA,3.0099578535947e-05
"749",0.002,NA,0.000565698421827632
"750",0.001,NA,0.000165925744671003
"751",0.001,NA,1.58239876757449e-09
"752",0.001,NA,2.07652221577703e-05
"753",0.001,NA,0.000304022930789682
"754",0.003,NA,0.000995587375361429
"755",0.001,NA,0.000414535182163278
"756",0.001,NA,0.000304022930789682
"757",0.001,NA,2.01829422796784e-06
"758",0.001,NA,1.25676477469305e-06
"759",0.001,NA,6.00175156008076e-05
"760",0.001,NA,0.000304022930789682
"761",0.001,NA,0.00486178055538844
"762",0.002,NA,0.000414535182163278
"763",0.001,NA,0.00379192325370625
"764",0.004,NA,0.0290800845283452
"765",0.001,NA,0.000118525403126402
"766",0.003,NA,0.000995587375361429
"767",0.001,NA,0.00293388097445924
"768",0.001,NA,5.87538133700605e-08
"769",0.001,NA,2.01829422796784e-06
"770",0.007,NA,0.0290800845283452
"771",0.001,NA,2.07652221577703e-05
"772",0.001,NA,4.49197988261485e-06
"773",0.001,NA,1.25676477469305e-06
"774",0.002,NA,8.3767285239511e-05
"775",0.001,NA,3.0099578535947e-05
"776",0.003,NA,0.00486178055538844
"777",0.003,NA,0.00379192325370625
"778",0.001,NA,0.000995587375361429
"779",0.001,NA,8.14700074069918e-07
"780",0.001,NA,0.000118525403126402
"781",0.001,NA,4.31213369015415e-05
"782",0.001,NA,1.25676477469305e-06
"783",0.001,NA,8.14700074069918e-07
"784",0.001,NA,8.95304619330517e-09
"785",0.001,NA,0.000414535182163278
"786",0.001,NA,0.000304022930789682
"787",0.001,NA,6.00175156008076e-05
"788",0.001,NA,0.00293388097445924
"789",0.001,NA,1.25676477469305e-06
"790",0.001,NA,0.000304022930789682
"791",0.001,NA,4.31213369015415e-05
"792",0.001,NA,0.000754051894885976
"793",0.001,NA,3.71469395132884e-07
"794",0.001,NA,1.60258806225499e-10
"795",0.001,NA,3.06603408173345e-06
"796",0.001,NA,0.000225266396098323
"797",0.001,NA,1.43355342960838e-05
"798",0.002,NA,0.00226209984200354
"799",0.001,NA,8.3767285239511e-05
"800",0.001,NA,8.14700074069918e-07
"801",0.002,NA,0.000754051894885976
"802",0.001,NA,8.3767285239511e-05
"803",0.001,NA,0.000754051894885976
"804",0.001,NA,0.000165925744671003
"805",0.001,NA,1.43355342960838e-05
"806",0.001,NA,2.07652221577703e-05
"807",0.001,NA,2.07652221577703e-05
"808",0.001,NA,0.00486178055538844
"809",0.001,NA,0.000995587375361429
"810",0.001,NA,6.63633287523169e-06
"811",0.001,NA,0.000414535182163278
"812",0.001,NA,0.000565698421827632
"813",0.001,NA,4.49197988261485e-06
"814",0.001,NA,0.00131525699734414
"815",0.001,NA,4.31213369015415e-05
"816",0.001,NA,3.06603408173345e-06
"817",0.002,NA,0.00173489159612916
"818",0.001,NA,3.06603408173345e-06
"819",0.001,NA,3.0099578535947e-05
"820",0.001,NA,4.35979807811293e-10
"821",0.001,NA,0.00486178055538844
"822",0.001,NA,0.000304022930789682
"823",0.001,NA,6.00175156008076e-05
"824",0.001,NA,0.000304022930789682
"825",0.001,NA,0.000414535182163278
"826",0.001,NA,4.49197988261485e-06
"827",0.001,NA,9.87712549738173e-06
"828",0.001,NA,0.000118525403126402
"829",0.001,NA,1.43355342960838e-05
"830",0.001,NA,0.000304022930789682
"831",0.002,NA,0.000414535182163278
"832",0.001,NA,0.000225266396098323
"833",0.002,NA,0.00991306014786442
"834",0.001,NA,3.0099578535947e-05
"835",0.002,NA,0.00226209984200354
"836",0.001,NA,9.87712549738173e-06
"837",0.001,NA,9.87712549738173e-06
"838",0.001,NA,0.000165925744671003
"839",0.001,NA,6.63633287523169e-06
"840",0.001,NA,0.00781590304643887
"841",0.001,NA,5.6327531794409e-07
"842",0.002,NA,0.00379192325370625
"843",0.001,NA,2.07652221577703e-05
"844",0.001,NA,0.000995587375361429
"845",0.001,NA,7.32900506950074e-09
"846",0.066,NA,0.0190159276889535
"847",0.001,NA,0.000304022930789682
"848",0.001,NA,6.00175156008076e-05
"849",0.001,NA,3.06603408173345e-06
"850",0.002,NA,0.000304022930789682
"851",0.001,NA,0.000304022930789682
"852",0.001,NA,6.00175156008076e-05
"853",0.001,NA,6.00175156008076e-05
"854",0.001,NA,8.3767285239511e-05
"855",0.002,NA,0.00131525699734414
"856",0.001,NA,5.87538133700605e-08
"857",0.002,NA,0.000225266396098323
"858",0.001,NA,2.07652221577703e-05
"859",0.001,NA,0.00131525699734414
"860",0.001,NA,0.000225266396098323
"861",0.001,NA,8.95304619330517e-09
"862",0.001,NA,0.000754051894885976
"863",0.001,NA,4.31213369015415e-05
"864",0.012,NA,0.0352956393152311
"865",0.001,NA,0.000118525403126402
"866",0.001,NA,0.000165925744671003
"867",0.001,NA,3.71469395132884e-07
"868",0.001,NA,4.49197988261485e-06
"869",0.001,NA,6.63633287523169e-06
"870",0.001,NA,0.000304022930789682
"871",0.001,NA,9.87712549738173e-06
"872",0.001,NA,3.0099578535947e-05
"873",0.001,NA,1.25676477469305e-06
"874",0.001,NA,1.25676477469305e-06
"875",0.001,NA,4.31213369015415e-05
"876",0.001,NA,6.63633287523169e-06
"877",0.001,NA,0.00173489159612916
"878",0.001,NA,4.31213369015415e-05
"879",0.001,NA,2.07652221577703e-05
"880",0.002,NA,0.00173489159612916
"881",0.001,NA,8.14700074069918e-07
"882",0.001,NA,1.25676477469305e-06
"883",0.003,NA,0.00226209984200354
"884",0.001,NA,1.43355342960838e-05
"885",0.001,NA,2.08939113122142e-07
"886",0.001,NA,0.000414535182163278
"887",0.001,NA,0.000414535182163278
"888",0.001,NA,6.63633287523169e-06
"889",0.004,NA,0.00379192325370625
"890",0.001,NA,0.00781590304643887
"891",0.001,NA,1.25676477469305e-06
"892",0.003,NA,0.00173489159612916
"893",0.001,NA,2.07652221577703e-05
"894",0.001,NA,2.08939113122142e-07
"895",0.001,NA,0.000165925744671003
"896",0.002,NA,0.000565698421827632
"897",0.002,NA,0.000225266396098323
"898",0.001,NA,0.000754051894885976
"899",0.001,NA,8.14700074069918e-07
"900",0.001,NA,3.17243209480012e-08
"901",0.001,NA,9.87712549738173e-06
"902",0.001,NA,0.000118525403126402
"903",0.001,NA,1.43355342960838e-05
"904",0.001,NA,0.000165925744671003
"905",0.001,NA,0.00226209984200354
"906",0.001,NA,2.07652221577703e-05
"907",0.013,NA,0.0061554466603374
"908",0.001,NA,3.0099578535947e-05
"909",0.002,NA,0.00293388097445924
"910",0.001,NA,0.000754051894885976
"911",0.011,NA,0.0061554466603374
"912",0.002,NA,0.00293388097445924
"913",0.001,NA,0.000414535182163278
"914",0.001,NA,0.000118525403126402
"915",0.001,NA,0.000225266396098323
"916",0.001,NA,9.87712549738173e-06
"917",0.001,NA,0.000118525403126402
"918",0.001,NA,3.0099578535947e-05
"919",0.001,NA,6.00175156008076e-05
"920",0.001,NA,0.0124506515852041
"921",0.002,NA,0.00379192325370625
"922",0.001,NA,0.000225266396098323
"923",0.001,NA,8.95304619330517e-09
"924",0.001,NA,1.43355342960838e-05
"925",0.001,NA,6.63633287523169e-06
"926",0.001,NA,4.31213369015415e-05
"927",0.001,NA,4.49197988261485e-06
"928",0.04,NA,0.042711738969382
"929",0.001,NA,0.00173489159612916
"930",0.001,NA,0.000414535182163278
"931",0.001,NA,2.01829422796784e-06
"932",0.001,NA,0.00226209984200354
"933",0.001,NA,3.71469395132884e-07
"934",0.001,NA,0.000304022930789682
"935",0.001,NA,0.000225266396098323
"936",0.001,NA,0.000304022930789682
"937",0.001,NA,5.6327531794409e-07
"938",0.001,NA,0.00226209984200354
"939",0.001,NA,0.000225266396098323
"940",0.001,NA,1.43355342960838e-05
"941",0.001,NA,1.43355342960838e-05
"942",0.001,NA,1.43355342960838e-05
"943",0.001,NA,1.25676477469305e-06
"944",0.001,NA,0.000754051894885976
"945",0.002,NA,0.000414535182163278
"946",0.001,NA,2.08939113122142e-07
"947",0.001,NA,3.0099578535947e-05
"948",0.001,NA,6.00175156008076e-05
"949",0.001,NA,1.43355342960838e-05
"950",0.001,NA,1.43355342960838e-05
"951",0.001,NA,1.43355342960838e-05
"952",0.001,NA,3.0099578535947e-05
"953",0.001,NA,9.87712549738173e-06
"954",0.002,NA,0.000225266396098323
"955",0.001,NA,3.0099578535947e-05
"956",0.001,NA,6.00175156008076e-05
"957",0.001,NA,5.6327531794409e-07
"958",0.001,NA,0.000754051894885976
"959",0.001,NA,3.0099578535947e-05
"960",0.001,NA,0.000995587375361429
"961",0.002,NA,0.00226209984200354
"962",0.001,NA,6.00175156008076e-05
"963",0.002,NA,0.0061554466603374
"964",0.001,NA,2.07652221577703e-05
"965",0.001,NA,3.0099578535947e-05
"966",0.003,NA,0.0061554466603374
"967",0.001,NA,1.43355342960838e-05
"968",0.001,NA,0.000565698421827632
"969",0.001,NA,1.43355342960838e-05
"970",0.003,NA,0.000118525403126402
"971",0.001,NA,0.000754051894885976
"972",0.001,NA,4.49197988261485e-06
"973",0.001,NA,3.17243209480012e-08
"974",0.001,NA,6.63633287523169e-06
"975",0.001,NA,8.3767285239511e-05
"976",0.001,NA,0.000565698421827632
"977",0.001,NA,6.63633287523169e-06
"978",0.012,NA,0.0235963921429023
"979",0.001,NA,0.000165925744671003
"980",0.001,NA,1.25676477469305e-06
"981",0.001,NA,3.06603408173345e-06
"982",0.001,NA,0.000225266396098323
"983",0.001,NA,0.000565698421827632
"984",0.001,NA,3.0099578535947e-05
"985",0.01,NA,0.0235963921429023
"986",0.001,NA,0.00173489159612916
"987",0.001,NA,4.31213369015415e-05
"988",0.001,NA,3.71469395132884e-07
"989",0.003,NA,0.000118525403126402
"990",0.002,NA,9.87712549738173e-06
"991",0.001,NA,0.000414535182163278
"992",0.001,NA,1.43355342960838e-05
"993",0.001,NA,0.000304022930789682
"994",0.001,NA,1.43355342960838e-05
"995",0.001,NA,0.00226209984200354
"996",0.001,NA,9.87712549738173e-06
"997",0.001,NA,0.000118525403126402
"998",0.001,NA,0.000118525403126402
"999",0.002,NA,0.000414535182163278
"1000",0.001,NA,1.43803966512479e-08
