"logcon","smooth","K.S"
"1",0.001,NA,0.000565698421827632
"2",0.001,NA,1.25676477469305e-06
"3",0.001,NA,5.87538133700605e-08
"4",0.001,NA,6.63633287523169e-06
"5",0.001,NA,0.000304022930789682
"6",0.001,NA,6.63633287523169e-06
"7",0.004,NA,0.000754051894885976
"8",0.001,NA,6.63633287523169e-06
"9",0.001,NA,0.00131525699734414
"10",0.001,NA,7.32900506950074e-09
"11",0.001,NA,8.95304619330517e-09
"12",0.001,NA,4.31213369015415e-05
"13",0.001,NA,1.19547458155012e-07
"14",0.001,NA,7.32900506950074e-09
"15",0.001,NA,1.43355342960838e-05
"16",0.001,NA,8.14700074069918e-07
"17",0.001,NA,0.000414535182163278
"18",0.001,NA,0.00781590304643887
"19",0.001,NA,0.000304022930789682
"20",0.001,NA,0.000754051894885976
"21",0.001,NA,6.00175156008076e-05
"22",0.001,NA,0.00379192325370625
"23",0.001,NA,0.000304022930789682
"24",0.001,NA,0.000118525403126402
"25",0.001,NA,1.19547458155012e-07
"26",0.001,NA,6.00175156008076e-05
"27",0.001,NA,0.000225266396098323
"28",0.001,NA,1.25676477469305e-06
"29",0.001,NA,1.19547458155012e-07
"30",0.001,NA,0.000304022930789682
"31",0.001,NA,2.01829422796784e-06
"32",0.001,NA,6.63633287523169e-06
"33",0.001,NA,1.19547458155012e-07
"34",0.001,NA,9.87712549738173e-06
"35",0.001,NA,6.00175156008076e-05
"36",0.001,NA,6.00175156008076e-05
"37",0.001,NA,6.00175156008076e-05
"38",0.001,NA,3.06603408173345e-06
"39",0.001,NA,6.00175156008076e-05
"40",0.001,NA,4.31213369015415e-05
"41",0.001,NA,3.0099578535947e-05
"42",0.001,NA,0.000995587375361429
"43",0.001,NA,9.87712549738173e-06
"44",0.001,NA,6.00175156008076e-05
"45",0.001,NA,9.87712549738173e-06
"46",0.001,NA,0.000165925744671003
"47",0.001,NA,0.000754051894885976
"48",0.001,NA,4.49197988261485e-06
"49",0.001,NA,1.25676477469305e-06
"50",0.001,NA,6.24631013579346e-10
"51",0.001,NA,4.31213369015415e-05
"52",0.001,NA,8.31554388680544e-08
"53",0.001,NA,7.32900506950074e-09
"54",0.001,NA,0.000995587375361429
"55",0.001,NA,0.00379192325370625
"56",0.001,NA,8.14700074069918e-07
"57",0.001,NA,0.00131525699734414
"58",0.001,NA,3.71469395132884e-07
"59",0.001,NA,8.14700074069918e-07
"60",0.001,NA,2.07652221577703e-05
"61",0.001,NA,0.00293388097445924
"62",0.001,NA,4.49197988261485e-06
"63",0.001,NA,9.87712549738173e-06
"64",0.001,NA,0.000118525403126402
"65",0.001,NA,0.00131525699734414
"66",0.001,NA,1.19547458155012e-07
"67",0.001,NA,6.63633287523169e-06
"68",0.001,NA,2.07652221577703e-05
"69",0.001,NA,2.07652221577703e-05
"70",0.001,NA,8.31554388680544e-08
"71",0.001,NA,4.49197988261485e-06
"72",0.002,NA,0.0153884656148784
"73",0.001,NA,4.49197988261485e-06
"74",0.001,NA,6.00175156008076e-05
"75",0.001,NA,4.20584944649249e-09
"76",0.001,NA,0.000225266396098323
"77",0.001,NA,8.3767285239511e-05
"78",0.001,NA,8.95304619330517e-09
"79",0.001,NA,1.19547458155012e-07
"80",0.001,NA,3.0099578535947e-05
"81",0.001,NA,4.49197988261485e-06
"82",0.001,NA,6.24631013579346e-10
"83",0.001,NA,0.000304022930789682
"84",0.001,NA,8.3767285239511e-05
"85",0.002,NA,0.00131525699734414
"86",0.001,NA,3.71469395132884e-07
"87",0.001,NA,8.14700074069918e-07
"88",0.001,NA,0.000225266396098323
"89",0.001,NA,0.000304022930789682
"90",0.001,NA,0.000304022930789682
"91",0.001,NA,9.87712549738173e-06
"92",0.001,NA,1.19547458155012e-07
"93",0.001,NA,6.63633287523169e-06
"94",0.001,NA,4.49197988261485e-06
"95",0.001,NA,1.25676477469305e-06
"96",0.001,NA,1.19547458155012e-07
"97",0.001,NA,1.19547458155012e-07
"98",0.001,NA,8.95304619330517e-09
"99",0.001,NA,8.14700074069918e-07
"100",0.001,NA,1.25676477469305e-06
"101",0.001,NA,3.17243209480012e-08
"102",0.001,NA,6.00175156008076e-05
"103",0.001,NA,1.19547458155012e-07
"104",0.001,NA,2.07652221577703e-05
"105",0.001,NA,8.31554388680544e-08
"106",0.001,NA,8.3767285239511e-05
"107",0.001,NA,4.49197988261485e-06
"108",0.001,NA,0.000225266396098323
"109",0.001,NA,9.87712549738173e-06
"110",0.008,NA,0.0290800845283452
"111",0.001,NA,4.20584944649249e-09
"112",0.001,NA,3.06603408173345e-06
"113",0.001,NA,1.25676477469305e-06
"114",0.001,NA,0.000565698421827632
"115",0.001,NA,4.20584944649249e-09
"116",0.001,NA,3.71469395132884e-07
"117",0.001,NA,8.14700074069918e-07
"118",0.001,NA,0.000225266396098323
"119",0.002,NA,0.000304022930789682
"120",0.001,NA,0.000165925744671003
"121",0.001,NA,5.6327531794409e-07
"122",0.001,NA,6.63633287523169e-06
"123",0.001,NA,1.25676477469305e-06
"124",0.001,NA,3.0099578535947e-05
"125",0.001,NA,9.87712549738173e-06
"126",0.001,NA,0.000304022930789682
"127",0.001,NA,0.000118525403126402
"128",0.002,NA,0.00486178055538844
"129",0.001,NA,8.31554388680544e-08
"130",0.001,NA,0.000754051894885976
"131",0.001,NA,8.14700074069918e-07
"132",0.001,NA,1.43355342960838e-05
"133",0.001,NA,8.95304619330517e-09
"134",0.001,NA,9.87712549738173e-06
"135",0.001,NA,2.07652221577703e-05
"136",0.001,NA,8.95304619330517e-09
"137",0.001,NA,8.3767285239511e-05
"138",0.001,NA,7.32900506950074e-09
"139",0.001,NA,8.14700074069918e-07
"140",0.003,NA,0.0124506515852041
"141",0.001,NA,1.19547458155012e-07
"142",0.001,NA,1.25676477469305e-06
"143",0.001,NA,0.000165925744671003
"144",0.001,NA,2.83922885202514e-11
"145",0.002,NA,0.00379192325370625
"146",0.002,NA,0.000118525403126402
"147",0.001,NA,7.32900506950074e-09
"148",0.001,NA,1.25676477469305e-06
"149",0.001,NA,7.32900506950074e-09
"150",0.001,NA,0.00131525699734414
"151",0.001,NA,0.000304022930789682
"152",0.001,NA,7.32900506950074e-09
"153",0.001,NA,4.31213369015415e-05
"154",0.001,NA,6.63633287523169e-06
"155",0.001,NA,8.14700074069918e-07
"156",0.001,NA,3.0099578535947e-05
"157",0.001,NA,6.00175156008076e-05
"158",0.001,NA,3.06603408173345e-06
"159",0.001,NA,6.00175156008076e-05
"160",0.001,NA,0.000118525403126402
"161",0.004,NA,0.00486178055538844
"162",0.001,NA,8.95304619330517e-09
"163",0.001,NA,8.95304619330517e-09
"164",0.001,NA,8.95304619330517e-09
"165",0.001,NA,4.31213369015415e-05
"166",0.001,NA,3.0099578535947e-05
"167",0.001,NA,9.87712549738173e-06
"168",0.001,NA,0.000565698421827632
"169",0.001,NA,1.25676477469305e-06
"170",0.001,NA,0.000565698421827632
"171",0.001,NA,6.00175156008076e-05
"172",0.001,NA,8.14700074069918e-07
"173",0.001,NA,4.31213369015415e-05
"174",0.001,NA,6.00175156008076e-05
"175",0.001,NA,9.87712549738173e-06
"176",0.001,NA,5.87538133700605e-08
"177",0.001,NA,8.31554388680544e-08
"178",0.002,NA,0.00131525699734414
"179",0.001,NA,9.87712549738173e-06
"180",0.001,NA,8.95304619330517e-09
"181",0.001,NA,9.87712549738173e-06
"182",0.001,NA,0.000754051894885976
"183",0.001,NA,0.00131525699734414
"184",0.001,NA,6.00175156008076e-05
"185",0.001,NA,6.63633287523169e-06
"186",0.001,NA,8.31554388680544e-08
"187",0.001,NA,3.71469395132884e-07
"188",0.001,NA,6.24631013579346e-10
"189",0.001,NA,9.87712549738173e-06
"190",0.002,NA,0.000565698421827632
"191",0.001,NA,8.14700074069918e-07
"192",0.001,NA,1.19547458155012e-07
"193",0.001,NA,0.000304022930789682
"194",0.001,NA,8.31554388680544e-08
"195",0.002,NA,0.00991306014786442
"196",0.001,NA,0.000995587375361429
"197",0.001,NA,0.00173489159612916
"198",0.001,NA,1.19547458155012e-07
"199",0.002,NA,0.000754051894885976
"200",0.001,NA,1.19547458155012e-07
"201",0.001,NA,4.35979807811293e-10
"202",0.001,NA,9.87712549738173e-06
"203",0.001,NA,3.0099578535947e-05
"204",0.001,NA,3.0099578535947e-05
"205",0.001,NA,1.43355342960838e-05
"206",0.001,NA,0.000304022930789682
"207",0.001,NA,4.20584944649249e-09
"208",0.001,NA,3.0099578535947e-05
"209",0.001,NA,1.25676477469305e-06
"210",0.001,NA,6.00175156008076e-05
"211",0.001,NA,1.25676477469305e-06
"212",0.001,NA,1.19547458155012e-07
"213",0.001,NA,0.00226209984200354
"214",0.001,NA,1.25676477469305e-06
"215",0.001,NA,4.49197988261485e-06
"216",0.003,NA,0.0290800845283452
"217",0.001,NA,0.000165925744671003
"218",0.003,NA,0.0153884656148784
"219",0.001,NA,0.000304022930789682
"220",0.001,NA,9.87712549738173e-06
"221",0.001,NA,9.87712549738173e-06
"222",0.001,NA,1.25676477469305e-06
"223",0.001,NA,3.06603408173345e-06
"224",0.001,NA,3.71469395132884e-07
"225",0.001,NA,8.14700074069918e-07
"226",0.001,NA,0.000304022930789682
"227",0.001,NA,8.31554388680544e-08
"228",0.001,NA,0.000995587375361429
"229",0.001,NA,6.63633287523169e-06
"230",0.001,NA,1.19547458155012e-07
"231",0.001,NA,6.24631013579346e-10
"232",0.001,NA,0.0190159276889535
"233",0.001,NA,9.87712549738173e-06
"234",0.001,NA,8.31554388680544e-08
"235",0.001,NA,1.19547458155012e-07
"236",0.001,NA,9.87712549738173e-06
"237",0.001,NA,0.00173489159612916
"238",0.001,NA,6.63633287523169e-06
"239",0.001,NA,3.71469395132884e-07
"240",0.001,NA,6.63633287523169e-06
"241",0.001,NA,2.83922885202514e-11
"242",0.001,NA,2.07652221577703e-05
"243",0.001,NA,6.00175156008076e-05
"244",0.001,NA,0.000565698421827632
"245",0.001,NA,9.87712549738173e-06
"246",0.001,NA,9.87712549738173e-06
"247",0.001,NA,9.87712549738173e-06
"248",0.001,NA,4.49197988261485e-06
"249",0.001,NA,4.31213369015415e-05
"250",0.001,NA,1.25676477469305e-06
"251",0.001,NA,8.95304619330517e-09
"252",0.001,NA,8.14700074069918e-07
"253",0.001,NA,5.87538133700605e-08
"254",0.001,NA,1.25676477469305e-06
"255",0.001,NA,6.00175156008076e-05
"256",0.001,NA,4.31213369015415e-05
"257",0.001,NA,0.00379192325370625
"258",0.001,NA,6.00175156008076e-05
"259",0.001,NA,8.31554388680544e-08
"260",0.001,NA,6.00175156008076e-05
"261",0.001,NA,8.14700074069918e-07
"262",0.001,NA,9.87712549738173e-06
"263",0.001,NA,8.95304619330517e-09
"264",0.001,NA,6.00175156008076e-05
"265",0.001,NA,7.32900506950074e-09
"266",0.001,NA,9.87712549738173e-06
"267",0.001,NA,0.000225266396098323
"268",0.001,NA,1.19547458155012e-07
"269",0.001,NA,1.25676477469305e-06
"270",0.001,NA,0.000165925744671003
"271",0.001,NA,6.63633287523169e-06
"272",0.001,NA,1.19547458155012e-07
"273",0.001,NA,1.19547458155012e-07
"274",0.001,NA,6.63633287523169e-06
"275",0.001,NA,8.14700074069918e-07
"276",0.001,NA,6.24631013579346e-10
"277",0.001,NA,6.00175156008076e-05
"278",0.001,NA,5.6327531794409e-07
"279",0.001,NA,4.31213369015415e-05
"280",0.001,NA,1.19547458155012e-07
"281",0.002,NA,0.00486178055538844
"282",0.001,NA,1.19547458155012e-07
"283",0.001,NA,9.87712549738173e-06
"284",0.001,NA,3.71469395132884e-07
"285",0.001,NA,8.14700074069918e-07
"286",0.001,NA,6.00175156008076e-05
"287",0.001,NA,2.07652221577703e-05
"288",0.001,NA,6.00175156008076e-05
"289",0.001,NA,6.24631013579346e-10
"290",0.001,NA,4.20584944649249e-09
"291",0.01,NA,0.104610577876392
"292",0.001,NA,9.87712549738173e-06
"293",0.001,NA,6.00175156008076e-05
"294",0.001,NA,3.71469395132884e-07
"295",0.001,NA,3.71469395132884e-07
"296",0.001,NA,3.71469395132884e-07
"297",0.001,NA,1.25676477469305e-06
"298",0.001,NA,8.14700074069918e-07
"299",0.001,NA,4.31213369015415e-05
"300",0.001,NA,0.000165925744671003
"301",0.001,NA,7.32900506950074e-09
"302",0.001,NA,7.32900506950074e-09
"303",0.001,NA,0.000118525403126402
"304",0.003,NA,0.0124506515852041
"305",0.001,NA,1.25676477469305e-06
"306",0.001,NA,1.19547458155012e-07
"307",0.001,NA,5.6327531794409e-07
"308",0.001,NA,1.19547458155012e-07
"309",0.001,NA,0.00131525699734414
"310",0.001,NA,0.000995587375361429
"311",0.001,NA,6.63633287523169e-06
"312",0.001,NA,2.08939113122142e-07
"313",0.001,NA,8.95304619330517e-09
"314",0.001,NA,4.49197988261485e-06
"315",0.001,NA,2.01829422796784e-06
"316",0.001,NA,7.32900506950074e-09
"317",0.001,NA,6.63633287523169e-06
"318",0.001,NA,9.87712549738173e-06
"319",0.001,NA,6.63633287523169e-06
"320",0.001,NA,6.00175156008076e-05
"321",0.001,NA,1.25676477469305e-06
"322",0.001,NA,1.43355342960838e-05
"323",0.001,NA,3.06603408173345e-06
"324",0.001,NA,1.19547458155012e-07
"325",0.001,NA,4.20584944649249e-09
"326",0.001,NA,1.19547458155012e-07
"327",0.001,NA,8.95304619330517e-09
"328",0.001,NA,0.000225266396098323
"329",0.001,NA,8.3767285239511e-05
"330",0.001,NA,4.49197988261485e-06
"331",0.001,NA,0.000304022930789682
"332",0.001,NA,7.32900506950074e-09
"333",0.001,NA,9.87712549738173e-06
"334",0.001,NA,0.000225266396098323
"335",0.001,NA,0.000165925744671003
"336",0.001,NA,7.32900506950074e-09
"337",0.001,NA,0.000304022930789682
"338",0.001,NA,0.000225266396098323
"339",0.001,NA,4.31213369015415e-05
"340",0.001,NA,4.31213369015415e-05
"341",0.001,NA,0.000225266396098323
"342",0.001,NA,0.00131525699734414
"343",0.001,NA,3.06603408173345e-06
"344",0.001,NA,6.00175156008076e-05
"345",0.001,NA,9.87712549738173e-06
"346",0.001,NA,6.24631013579346e-10
"347",0.002,NA,0.000118525403126402
"348",0.007,NA,0.0153884656148784
"349",0.001,NA,4.49197988261485e-06
"350",0.001,NA,1.19547458155012e-07
"351",0.001,NA,9.87712549738173e-06
"352",0.001,NA,6.00175156008076e-05
"353",0.001,NA,8.31554388680544e-08
"354",0.001,NA,9.87712549738173e-06
"355",0.001,NA,1.19547458155012e-07
"356",0.002,NA,0.000754051894885976
"357",0.001,NA,6.63633287523169e-06
"358",0.001,NA,0.000995587375361429
"359",0.001,NA,0.000995587375361429
"360",0.001,NA,0.000754051894885976
"361",0.001,NA,0.00226209984200354
"362",0.001,NA,0.000414535182163278
"363",0.001,NA,0.000165925744671003
"364",0.001,NA,8.95304619330517e-09
"365",0.001,NA,1.25676477469305e-06
"366",0.001,NA,1.19547458155012e-07
"367",0.001,NA,1.25676477469305e-06
"368",0.001,NA,9.87712549738173e-06
"369",0.001,NA,5.87538133700605e-08
"370",0.001,NA,5.87538133700605e-08
"371",0.001,NA,1.25676477469305e-06
"372",0.001,NA,1.25676477469305e-06
"373",0.001,NA,1.25676477469305e-06
"374",0.001,NA,3.06603408173345e-06
"375",0.001,NA,6.00175156008076e-05
"376",0.001,NA,0.000118525403126402
"377",0.001,NA,0.0124506515852041
"378",0.001,NA,3.0099578535947e-05
"379",0.001,NA,1.19547458155012e-07
"380",0.001,NA,3.71469395132884e-07
"381",0.001,NA,8.14700074069918e-07
"382",0.001,NA,3.0099578535947e-05
"383",0.001,NA,8.31554388680544e-08
"384",0.001,NA,9.87712549738173e-06
"385",0.001,NA,8.14700074069918e-07
"386",0.001,NA,1.19547458155012e-07
"387",0.001,NA,0.000565698421827632
"388",0.001,NA,5.6327531794409e-07
"389",0.001,NA,1.19547458155012e-07
"390",0.001,NA,3.0099578535947e-05
"391",0.001,NA,4.49197988261485e-06
"392",0.001,NA,6.63633287523169e-06
"393",0.001,NA,6.63633287523169e-06
"394",0.001,NA,0.000165925744671003
"395",0.001,NA,9.87712549738173e-06
"396",0.001,NA,8.14700074069918e-07
"397",0.001,NA,8.14700074069918e-07
"398",0.001,NA,5.6327531794409e-07
"399",0.001,NA,9.87712549738173e-06
"400",0.001,NA,4.35979807811293e-10
"401",0.001,NA,9.87712549738173e-06
"402",0.001,NA,3.0099578535947e-05
"403",0.001,NA,4.35979807811293e-10
"404",0.001,NA,4.49197988261485e-06
"405",0.001,NA,0.00226209984200354
"406",0.001,NA,0.000304022930789682
"407",0.001,NA,0.000995587375361429
"408",0.001,NA,0.00131525699734414
"409",0.001,NA,0.000754051894885976
"410",0.001,NA,6.63633287523169e-06
"411",0.001,NA,0.000995587375361429
"412",0.001,NA,6.00175156008076e-05
"413",0.001,NA,4.31213369015415e-05
"414",0.001,NA,8.95304619330517e-09
"415",0.001,NA,0.000304022930789682
"416",0.001,NA,1.25676477469305e-06
"417",0.001,NA,9.87712549738173e-06
"418",0.001,NA,4.31213369015415e-05
"419",0.001,NA,4.31213369015415e-05
"420",0.001,NA,5.87538133700605e-08
"421",0.001,NA,9.87712549738173e-06
"422",0.001,NA,1.25676477469305e-06
"423",0.001,NA,0.00131525699734414
"424",0.001,NA,4.31213369015415e-05
"425",0.001,NA,0.000304022930789682
"426",0.001,NA,0.000225266396098323
"427",0.001,NA,0.00781590304643887
"428",0.001,NA,3.06603408173345e-06
"429",0.001,NA,8.14700074069918e-07
"430",0.001,NA,1.25676477469305e-06
"431",0.001,NA,3.0099578535947e-05
"432",0.001,NA,8.14700074069918e-07
"433",0.001,NA,5.6327531794409e-07
"434",0.001,NA,8.31554388680544e-08
"435",0.001,NA,9.87712549738173e-06
"436",0.001,NA,6.63633287523169e-06
"437",0.001,NA,8.95304619330517e-09
"438",0.004,NA,0.00486178055538844
"439",0.001,NA,6.63633287523169e-06
"440",0.001,NA,6.00175156008076e-05
"441",0.001,NA,0.000995587375361429
"442",0.001,NA,6.00175156008076e-05
"443",0.001,NA,1.19547458155012e-07
"444",0.001,NA,6.63633287523169e-06
"445",0.001,NA,8.95304619330517e-09
"446",0.001,NA,2.07652221577703e-05
"447",0.001,NA,4.49197988261485e-06
"448",0.001,NA,3.0099578535947e-05
"449",0.001,NA,6.00175156008076e-05
"450",0.001,NA,3.71469395132884e-07
"451",0.001,NA,8.3767285239511e-05
"452",0.001,NA,8.95304619330517e-09
"453",0.001,NA,0.000225266396098323
"454",0.001,NA,1.25676477469305e-06
"455",0.001,NA,0.000754051894885976
"456",0.001,NA,0.000304022930789682
"457",0.001,NA,0.000225266396098323
"458",0.001,NA,8.95304619330517e-09
"459",0.001,NA,6.63633287523169e-06
"460",0.001,NA,8.14700074069918e-07
"461",0.001,NA,9.87712549738173e-06
"462",0.001,NA,0.000225266396098323
"463",0.001,NA,9.87712549738173e-06
"464",0.001,NA,1.19547458155012e-07
"465",0.001,NA,4.49197988261485e-06
"466",0.001,NA,6.00175156008076e-05
"467",0.001,NA,0.00486178055538844
"468",0.001,NA,6.00175156008076e-05
"469",0.001,NA,9.87712549738173e-06
"470",0.001,NA,9.87712549738173e-06
"471",0.001,NA,0.00293388097445924
"472",0.001,NA,2.01829422796784e-06
"473",0.001,NA,3.17243209480012e-08
"474",0.001,NA,7.32900506950074e-09
"475",0.001,NA,9.87712549738173e-06
"476",0.001,NA,0.000304022930789682
"477",0.001,NA,0.000304022930789682
"478",0.001,NA,0.000225266396098323
"479",0.001,NA,0.00293388097445924
"480",0.001,NA,0.000995587375361429
"481",0.001,NA,4.35979807811293e-10
"482",0.001,NA,8.95304619330517e-09
"483",0.001,NA,1.25676477469305e-06
"484",0.001,NA,1.19547458155012e-07
"485",0.001,NA,4.49197988261485e-06
"486",0.001,NA,2.01829422796784e-06
"487",0.001,NA,6.00175156008076e-05
"488",0.001,NA,9.87712549738173e-06
"489",0.001,NA,6.63633287523169e-06
"490",0.001,NA,9.87712549738173e-06
"491",0.001,NA,0.000165925744671003
"492",0.001,NA,1.19547458155012e-07
"493",0.001,NA,1.19547458155012e-07
"494",0.001,NA,6.00175156008076e-05
"495",0.001,NA,0.000225266396098323
"496",0.001,NA,4.49197988261485e-06
"497",0.001,NA,0.000754051894885976
"498",0.001,NA,0.000304022930789682
"499",0.001,NA,5.87538133700605e-08
"500",0.001,NA,4.31213369015415e-05
"501",0.001,NA,9.87712549738173e-06
"502",0.001,NA,9.87712549738173e-06
"503",0.001,NA,6.00175156008076e-05
"504",0.001,NA,5.6327531794409e-07
"505",0.001,NA,0.00131525699734414
"506",0.001,NA,3.0099578535947e-05
"507",0.001,NA,0.000754051894885976
"508",0.001,NA,8.14700074069918e-07
"509",0.001,NA,5.87538133700605e-08
"510",0.001,NA,4.49197988261485e-06
"511",0.002,NA,0.0190159276889535
"512",0.001,NA,3.0099578535947e-05
"513",0.001,NA,6.63633287523169e-06
"514",0.001,NA,6.00175156008076e-05
"515",0.001,NA,1.43355342960838e-05
"516",0.001,NA,9.87712549738173e-06
"517",0.001,NA,9.87712549738173e-06
"518",0.001,NA,9.87712549738173e-06
"519",0.001,NA,9.87712549738173e-06
"520",0.001,NA,2.83922885202514e-11
"521",0.012,NA,0.042711738969382
"522",0.001,NA,7.32900506950074e-09
"523",0.001,NA,5.6327531794409e-07
"524",0.017,NA,0.08829099122278
"525",0.001,NA,0.000304022930789682
"526",0.001,NA,9.87712549738173e-06
"527",0.001,NA,0.000754051894885976
"528",0.001,NA,0.000304022930789682
"529",0.001,NA,1.19547458155012e-07
"530",0.001,NA,4.31213369015415e-05
"531",0.001,NA,9.87712549738173e-06
"532",0.001,NA,6.63633287523169e-06
"533",0.001,NA,9.87712549738173e-06
"534",0.001,NA,5.87538133700605e-08
"535",0.001,NA,9.87712549738173e-06
"536",0.001,NA,9.87712549738173e-06
"537",0.001,NA,8.95304619330517e-09
"538",0.001,NA,3.0099578535947e-05
"539",0.001,NA,1.19547458155012e-07
"540",0.001,NA,4.20584944649249e-09
"541",0.001,NA,3.0099578535947e-05
"542",0.001,NA,9.87712549738173e-06
"543",0.001,NA,9.87712549738173e-06
"544",0.001,NA,4.31213369015415e-05
"545",0.001,NA,3.0099578535947e-05
"546",0.001,NA,9.87712549738173e-06
"547",0.001,NA,4.31213369015415e-05
"548",0.001,NA,8.3767285239511e-05
"549",0.001,NA,6.00175156008076e-05
"550",0.002,NA,0.00991306014786442
"551",0.001,NA,4.20584944649249e-09
"552",0.001,NA,3.06603408173345e-06
"553",0.001,NA,0.00173489159612916
"554",0.003,NA,0.0061554466603374
"555",0.001,NA,6.00175156008076e-05
"556",0.001,NA,9.87712549738173e-06
"557",0.001,NA,2.07652221577703e-05
"558",0.001,NA,3.06603408173345e-06
"559",0.006,NA,0.0124506515852041
"560",0.001,NA,8.31554388680544e-08
"561",0.001,NA,1.25676477469305e-06
"562",0.001,NA,6.63633287523169e-06
"563",0.001,NA,6.00175156008076e-05
"564",0.001,NA,1.25676477469305e-06
"565",0.001,NA,1.25676477469305e-06
"566",0.001,NA,5.6327531794409e-07
"567",0.001,NA,8.14700074069918e-07
"568",0.001,NA,0.000225266396098323
"569",0.001,NA,9.87712549738173e-06
"570",0.001,NA,9.87712549738173e-06
"571",0.001,NA,0.000304022930789682
"572",0.001,NA,5.6327531794409e-07
"573",0.001,NA,4.31213369015415e-05
"574",0.001,NA,6.00175156008076e-05
"575",0.001,NA,6.63633287523169e-06
"576",0.001,NA,0.000754051894885976
"577",0.001,NA,8.31554388680544e-08
"578",0.001,NA,6.00175156008076e-05
"579",0.001,NA,1.25676477469305e-06
"580",0.001,NA,1.25676477469305e-06
"581",0.001,NA,0.000995587375361429
"582",0.001,NA,8.31554388680544e-08
"583",0.001,NA,9.87712549738173e-06
"584",0.001,NA,0.000225266396098323
"585",0.001,NA,0.00486178055538844
"586",0.001,NA,1.25676477469305e-06
"587",0.001,NA,1.19547458155012e-07
"588",0.001,NA,6.00175156008076e-05
"589",0.001,NA,5.87538133700605e-08
"590",0.001,NA,4.31213369015415e-05
"591",0.001,NA,0.000304022930789682
"592",0.001,NA,3.0099578535947e-05
"593",0.001,NA,0.00173489159612916
"594",0.001,NA,4.35979807811293e-10
"595",0.001,NA,6.63633287523169e-06
"596",0.001,NA,3.06603408173345e-06
"597",0.001,NA,9.87712549738173e-06
"598",0.003,NA,0.00781590304643887
"599",0.001,NA,5.87538133700605e-08
"600",0.001,NA,4.31213369015415e-05
"601",0.001,NA,9.87712549738173e-06
"602",0.001,NA,8.95304619330517e-09
"603",0.001,NA,1.19547458155012e-07
"604",0.001,NA,8.14700074069918e-07
"605",0.001,NA,9.87712549738173e-06
"606",0.001,NA,6.00175156008076e-05
"607",0.001,NA,9.87712549738173e-06
"608",0.001,NA,3.06603408173345e-06
"609",0.001,NA,8.14700074069918e-07
"610",0.001,NA,1.25676477469305e-06
"611",0.001,NA,6.00175156008076e-05
"612",0.001,NA,0.00293388097445924
"613",0.001,NA,0.000304022930789682
"614",0.001,NA,0.000995587375361429
"615",0.001,NA,1.43355342960838e-05
"616",0.001,NA,2.07652221577703e-05
"617",0.001,NA,0.00131525699734414
"618",0.001,NA,0.00379192325370625
"619",0.001,NA,4.49197988261485e-06
"620",0.001,NA,8.14700074069918e-07
"621",0.001,NA,5.6327531794409e-07
"622",0.001,NA,8.14700074069918e-07
"623",0.001,NA,5.6327531794409e-07
"624",0.001,NA,0.000304022930789682
"625",0.001,NA,2.07652221577703e-05
"626",0.001,NA,0.000754051894885976
"627",0.001,NA,9.87712549738173e-06
"628",0.001,NA,6.00175156008076e-05
"629",0.001,NA,2.08939113122142e-07
"630",0.001,NA,0.000995587375361429
"631",0.001,NA,8.14700074069918e-07
"632",0.001,NA,0.000304022930789682
"633",0.001,NA,0.000225266396098323
"634",0.001,NA,4.31213369015415e-05
"635",0.001,NA,2.08939113122142e-07
"636",0.001,NA,0.000118525403126402
"637",0.001,NA,1.25676477469305e-06
"638",0.001,NA,8.31554388680544e-08
"639",0.001,NA,6.63633287523169e-06
"640",0.001,NA,0.000414535182163278
"641",0.001,NA,4.31213369015415e-05
"642",0.001,NA,8.95304619330517e-09
"643",0.001,NA,0.000225266396098323
"644",0.001,NA,6.00175156008076e-05
"645",0.001,NA,2.07652221577703e-05
"646",0.001,NA,3.06603408173345e-06
"647",0.001,NA,0.000165925744671003
"648",0.001,NA,8.3767285239511e-05
"649",0.001,NA,6.63633287523169e-06
"650",0.001,NA,1.25676477469305e-06
"651",0.001,NA,1.25676477469305e-06
"652",0.001,NA,8.14700074069918e-07
"653",0.001,NA,5.87538133700605e-08
"654",0.001,NA,2.07652221577703e-05
"655",0.001,NA,8.14700074069918e-07
"656",0.001,NA,3.71469395132884e-07
"657",0.001,NA,4.31213369015415e-05
"658",0.001,NA,6.63633287523169e-06
"659",0.002,NA,0.00379192325370625
"660",0.001,NA,9.87712549738173e-06
"661",0.001,NA,4.49197988261485e-06
"662",0.001,NA,0.00131525699734414
"663",0.001,NA,0.000118525403126402
"664",0.001,NA,3.71469395132884e-07
"665",0.001,NA,1.25676477469305e-06
"666",0.001,NA,0.000304022930789682
"667",0.001,NA,6.00175156008076e-05
"668",0.001,NA,9.87712549738173e-06
"669",0.001,NA,6.00175156008076e-05
"670",0.001,NA,1.25676477469305e-06
"671",0.001,NA,8.95304619330517e-09
"672",0.001,NA,4.49197988261485e-06
"673",0.001,NA,6.00175156008076e-05
"674",0.001,NA,0.000754051894885976
"675",0.001,NA,6.24631013579346e-10
"676",0.001,NA,1.25676477469305e-06
"677",0.001,NA,0.000304022930789682
"678",0.001,NA,3.06603408173345e-06
"679",0.001,NA,5.87538133700605e-08
"680",0.001,NA,1.19547458155012e-07
"681",0.001,NA,5.6327531794409e-07
"682",0.001,NA,0.000565698421827632
"683",0.001,NA,3.0099578535947e-05
"684",0.001,NA,0.000304022930789682
"685",0.001,NA,3.0099578535947e-05
"686",0.001,NA,9.87712549738173e-06
"687",0.001,NA,4.31213369015415e-05
"688",0.001,NA,8.95304619330517e-09
"689",0.001,NA,2.07652221577703e-05
"690",0.001,NA,5.87538133700605e-08
"691",0.001,NA,8.3767285239511e-05
"692",0.001,NA,5.6327531794409e-07
"693",0.001,NA,9.87712549738173e-06
"694",0.001,NA,8.95304619330517e-09
"695",0.001,NA,5.87538133700605e-08
"696",0.001,NA,0.000565698421827632
"697",0.001,NA,0.000304022930789682
"698",0.001,NA,1.25676477469305e-06
"699",0.001,NA,0.000225266396098323
"700",0.001,NA,6.00175156008076e-05
"701",0.001,NA,8.95304619330517e-09
"702",0.001,NA,4.49197988261485e-06
"703",0.001,NA,5.87538133700605e-08
"704",0.001,NA,0.00486178055538844
"705",0.001,NA,0.00293388097445924
"706",0.001,NA,2.01829422796784e-06
"707",0.001,NA,1.19547458155012e-07
"708",0.001,NA,1.19547458155012e-07
"709",0.001,NA,8.14700074069918e-07
"710",0.001,NA,8.31554388680544e-08
"711",0.001,NA,8.31554388680544e-08
"712",0.001,NA,7.32900506950074e-09
"713",0.001,NA,3.0099578535947e-05
"714",0.001,NA,0.00486178055538844
"715",0.001,NA,8.95304619330517e-09
"716",0.001,NA,0.00486178055538844
"717",0.001,NA,0.000165925744671003
"718",0.001,NA,5.87538133700605e-08
"719",0.003,NA,0.00379192325370625
"720",0.001,NA,4.20584944649249e-09
"721",0.001,NA,0.00379192325370625
"722",0.001,NA,9.87712549738173e-06
"723",0.001,NA,0.000304022930789682
"724",0.001,NA,0.000304022930789682
"725",0.001,NA,1.19547458155012e-07
"726",0.001,NA,8.31554388680544e-08
"727",0.001,NA,8.31554388680544e-08
"728",0.001,NA,5.87538133700605e-08
"729",0.001,NA,6.00175156008076e-05
"730",0.001,NA,3.17243209480012e-08
"731",0.001,NA,6.00175156008076e-05
"732",0.001,NA,8.14700074069918e-07
"733",0.001,NA,6.63633287523169e-06
"734",0.001,NA,4.31213369015415e-05
"735",0.001,NA,0.00131525699734414
"736",0.001,NA,9.87712549738173e-06
"737",0.001,NA,6.00175156008076e-05
"738",0.001,NA,6.24631013579346e-10
"739",0.001,NA,9.87712549738173e-06
"740",0.001,NA,8.3767285239511e-05
"741",0.001,NA,6.63633287523169e-06
"742",0.001,NA,9.87712549738173e-06
"743",0.001,NA,5.6327531794409e-07
"744",0.001,NA,5.6327531794409e-07
"745",0.001,NA,9.87712549738173e-06
"746",0.001,NA,1.19547458155012e-07
"747",0.001,NA,9.87712549738173e-06
"748",0.001,NA,8.31554388680544e-08
"749",0.006,NA,0.00293388097445924
"750",0.001,NA,8.14700074069918e-07
"751",0.001,NA,5.87538133700605e-08
"752",0.001,NA,1.25676477469305e-06
"753",0.001,NA,2.01829422796784e-06
"754",0.001,NA,6.00175156008076e-05
"755",0.001,NA,2.07652221577703e-05
"756",0.001,NA,9.87712549738173e-06
"757",0.001,NA,5.87538133700605e-08
"758",0.001,NA,0.00486178055538844
"759",0.001,NA,3.0099578535947e-05
"760",0.001,NA,0.000304022930789682
"761",0.001,NA,1.43355342960838e-05
"762",0.001,NA,0.000225266396098323
"763",0.001,NA,8.3767285239511e-05
"764",0.001,NA,5.87538133700605e-08
"765",0.001,NA,4.49197988261485e-06
"766",0.001,NA,1.19547458155012e-07
"767",0.001,NA,4.31213369015415e-05
"768",0.001,NA,0.00131525699734414
"769",0.001,NA,0.000225266396098323
"770",0.001,NA,0.000118525403126402
"771",0.001,NA,1.19547458155012e-07
"772",0.001,NA,8.31554388680544e-08
"773",0.001,NA,8.14700074069918e-07
"774",0.001,NA,1.19547458155012e-07
"775",0.001,NA,0.00131525699734414
"776",0.001,NA,3.71469395132884e-07
"777",0.001,NA,0.00293388097445924
"778",0.001,NA,6.00175156008076e-05
"779",0.001,NA,8.14700074069918e-07
"780",0.001,NA,4.31213369015415e-05
"781",0.001,NA,0.000165925744671003
"782",0.001,NA,4.49197988261485e-06
"783",0.001,NA,3.06603408173345e-06
"784",0.001,NA,4.31213369015415e-05
"785",0.001,NA,4.31213369015415e-05
"786",0.001,NA,6.00175156008076e-05
"787",0.001,NA,1.25676477469305e-06
"788",0.001,NA,6.63633287523169e-06
"789",0.001,NA,7.32900506950074e-09
"790",0.001,NA,6.63633287523169e-06
"791",0.001,NA,1.19547458155012e-07
"792",0.001,NA,3.0099578535947e-05
"793",0.001,NA,4.49197988261485e-06
"794",0.001,NA,8.95304619330517e-09
"795",0.001,NA,1.25676477469305e-06
"796",0.001,NA,0.000165925744671003
"797",0.001,NA,9.87712549738173e-06
"798",0.001,NA,1.19547458155012e-07
"799",0.001,NA,2.01829422796784e-06
"800",0.001,NA,1.19547458155012e-07
"801",0.001,NA,1.25676477469305e-06
"802",0.001,NA,0.000225266396098323
"803",0.001,NA,6.00175156008076e-05
"804",0.001,NA,0.000304022930789682
"805",0.001,NA,1.19547458155012e-07
"806",0.001,NA,8.95304619330517e-09
"807",0.002,NA,0.0153884656148784
"808",0.001,NA,9.87712549738173e-06
"809",0.001,NA,1.19547458155012e-07
"810",0.001,NA,1.25676477469305e-06
"811",0.001,NA,1.43355342960838e-05
"812",0.001,NA,6.00175156008076e-05
"813",0.001,NA,4.31213369015415e-05
"814",0.001,NA,5.87538133700605e-08
"815",0.001,NA,3.06603408173345e-06
"816",0.001,NA,3.17243209480012e-08
"817",0.001,NA,8.3767285239511e-05
"818",0.001,NA,0.000304022930789682
"819",0.001,NA,0.000304022930789682
"820",0.001,NA,4.31213369015415e-05
"821",0.001,NA,0.000225266396098323
"822",0.001,NA,5.87538133700605e-08
"823",0.001,NA,1.25676477469305e-06
"824",0.001,NA,8.31554388680544e-08
"825",0.001,NA,0.000118525403126402
"826",0.001,NA,8.31554388680544e-08
"827",0.001,NA,0.000225266396098323
"828",0.001,NA,1.25676477469305e-06
"829",0.004,NA,0.0190159276889535
"830",0.001,NA,1.25676477469305e-06
"831",0.001,NA,1.25676477469305e-06
"832",0.001,NA,5.6327531794409e-07
"833",0.001,NA,0.00486178055538844
"834",0.001,NA,1.19547458155012e-07
"835",0.001,NA,7.32900506950074e-09
"836",0.001,NA,2.07652221577703e-05
"837",0.001,NA,2.07652221577703e-05
"838",0.001,NA,5.87538133700605e-08
"839",0.001,NA,5.87538133700605e-08
"840",0.001,NA,2.01829422796784e-06
"841",0.001,NA,6.63633287523169e-06
"842",0.001,NA,4.31213369015415e-05
"843",0.001,NA,3.0099578535947e-05
"844",0.001,NA,1.25676477469305e-06
"845",0.001,NA,1.25676477469305e-06
"846",0.001,NA,1.25676477469305e-06
"847",0.001,NA,6.63633287523169e-06
"848",0.001,NA,1.25676477469305e-06
"849",0.001,NA,0.00131525699734414
"850",0.001,NA,8.95304619330517e-09
"851",0.001,NA,4.49197988261485e-06
"852",0.001,NA,0.000304022930789682
"853",0.001,NA,1.19547458155012e-07
"854",0.001,NA,6.00175156008076e-05
"855",0.001,NA,4.31213369015415e-05
"856",0.001,NA,1.25676477469305e-06
"857",0.001,NA,6.63633287523169e-06
"858",0.001,NA,8.95304619330517e-09
"859",0.001,NA,8.14700074069918e-07
"860",0.001,NA,0.000304022930789682
"861",0.001,NA,8.14700074069918e-07
"862",0.002,NA,0.00486178055538844
"863",0.001,NA,1.25676477469305e-06
"864",0.001,NA,5.6327531794409e-07
"865",0.001,NA,0.000995587375361429
"866",0.001,NA,0.000225266396098323
"867",0.001,NA,9.87712549738173e-06
"868",0.001,NA,0.000995587375361429
"869",0.001,NA,5.87538133700605e-08
"870",0.001,NA,1.25676477469305e-06
"871",0.001,NA,3.06603408173345e-06
"872",0.001,NA,3.0099578535947e-05
"873",0.001,NA,8.14700074069918e-07
"874",0.003,NA,0.00781590304643887
"875",0.001,NA,8.14700074069918e-07
"876",0.001,NA,5.6327531794409e-07
"877",0.001,NA,1.25676477469305e-06
"878",0.001,NA,0.00131525699734414
"879",0.001,NA,1.19547458155012e-07
"880",0.001,NA,0.000304022930789682
"881",0.001,NA,0.00173489159612916
"882",0.001,NA,7.32900506950074e-09
"883",0.001,NA,0.000225266396098323
"884",0.001,NA,3.71469395132884e-07
"885",0.001,NA,0.000165925744671003
"886",0.001,NA,3.71469395132884e-07
"887",0.001,NA,9.87712549738173e-06
"888",0.001,NA,0.00131525699734414
"889",0.001,NA,2.07652221577703e-05
"890",0.001,NA,0.00991306014786442
"891",0.001,NA,4.31213369015415e-05
"892",0.001,NA,4.49197988261485e-06
"893",0.001,NA,1.19547458155012e-07
"894",0.001,NA,1.19547458155012e-07
"895",0.001,NA,1.25676477469305e-06
"896",0.001,NA,2.07652221577703e-05
"897",0.001,NA,1.19547458155012e-07
"898",0.001,NA,0.00131525699734414
"899",0.002,NA,0.000995587375361429
"900",0.001,NA,1.25676477469305e-06
"901",0.001,NA,9.87712549738173e-06
"902",0.001,NA,1.25676477469305e-06
"903",0.001,NA,5.87538133700605e-08
"904",0.002,NA,0.000304022930789682
"905",0.001,NA,1.43355342960838e-05
"906",0.001,NA,0.000754051894885976
"907",0.001,NA,9.87712549738173e-06
"908",0.001,NA,3.71469395132884e-07
"909",0.001,NA,0.000304022930789682
"910",0.001,NA,9.87712549738173e-06
"911",0.001,NA,1.25676477469305e-06
"912",0.001,NA,6.63633287523169e-06
"913",0.001,NA,0.000304022930789682
"914",0.001,NA,5.6327531794409e-07
"915",0.001,NA,4.49197988261485e-06
"916",0.001,NA,6.00175156008076e-05
"917",0.001,NA,0.000754051894885976
"918",0.002,NA,0.000304022930789682
"919",0.001,NA,6.00175156008076e-05
"920",0.001,NA,6.63633287523169e-06
"921",0.001,NA,9.87712549738173e-06
"922",0.001,NA,1.25676477469305e-06
"923",0.001,NA,0.000304022930789682
"924",0.001,NA,6.00175156008076e-05
"925",0.001,NA,6.63633287523169e-06
"926",0.001,NA,0.000304022930789682
"927",0.001,NA,0.000995587375361429
"928",0.001,NA,0.00991306014786442
"929",0.001,NA,7.32900506950074e-09
"930",0.001,NA,7.32900506950074e-09
"931",0.002,NA,0.00486178055538844
"932",0.001,NA,0.000754051894885976
"933",0.001,NA,6.24631013579346e-10
"934",0.001,NA,6.24631013579346e-10
"935",0.002,NA,0.000304022930789682
"936",0.001,NA,8.31554388680544e-08
"937",0.001,NA,0.000754051894885976
"938",0.001,NA,8.14700074069918e-07
"939",0.001,NA,3.0099578535947e-05
"940",0.001,NA,8.95304619330517e-09
"941",0.001,NA,6.24631013579346e-10
"942",0.001,NA,4.31213369015415e-05
"943",0.001,NA,0.000754051894885976
"944",0.001,NA,4.20584944649249e-09
"945",0.001,NA,0.00131525699734414
"946",0.001,NA,6.63633287523169e-06
"947",0.001,NA,6.00175156008076e-05
"948",0.001,NA,0.00131525699734414
"949",0.001,NA,0.00226209984200354
"950",0.001,NA,1.19547458155012e-07
"951",0.001,NA,4.31213369015415e-05
"952",0.001,NA,5.6327531794409e-07
"953",0.001,NA,1.25676477469305e-06
"954",0.001,NA,0.000225266396098323
"955",0.004,NA,0.00486178055538844
"956",0.001,NA,6.63633287523169e-06
"957",0.001,NA,0.00486178055538844
"958",0.002,NA,0.0153884656148784
"959",0.001,NA,3.06603408173345e-06
"960",0.001,NA,7.32900506950074e-09
"961",0.001,NA,7.32900506950074e-09
"962",0.001,NA,1.25676477469305e-06
"963",0.001,NA,9.87712549738173e-06
"964",0.001,NA,0.000754051894885976
"965",0.001,NA,8.14700074069918e-07
"966",0.001,NA,8.31554388680544e-08
"967",0.001,NA,0.000225266396098323
"968",0.001,NA,9.87712549738173e-06
"969",0.001,NA,5.6327531794409e-07
"970",0.001,NA,1.25676477469305e-06
"971",0.001,NA,0.00131525699734414
"972",0.001,NA,6.00175156008076e-05
"973",0.001,NA,8.95304619330517e-09
"974",0.001,NA,0.00131525699734414
"975",0.001,NA,4.49197988261485e-06
"976",0.001,NA,6.00175156008076e-05
"977",0.001,NA,6.63633287523169e-06
"978",0.001,NA,6.63633287523169e-06
"979",0.001,NA,6.00175156008076e-05
"980",0.001,NA,4.49197988261485e-06
"981",0.001,NA,7.32900506950074e-09
"982",0.001,NA,0.000414535182163278
"983",0.004,NA,0.0153884656148784
"984",0.001,NA,4.49197988261485e-06
"985",0.001,NA,6.00175156008076e-05
"986",0.001,NA,6.00175156008076e-05
"987",0.001,NA,1.25676477469305e-06
"988",0.001,NA,4.49197988261485e-06
"989",0.001,NA,5.87538133700605e-08
"990",0.001,NA,6.63633287523169e-06
"991",0.001,NA,0.00131525699734414
"992",0.001,NA,1.25676477469305e-06
"993",0.001,NA,0.000304022930789682
"994",0.001,NA,6.00175156008076e-05
"995",0.001,NA,0.00293388097445924
"996",0.001,NA,1.19547458155012e-07
"997",0.001,NA,6.00175156008076e-05
"998",0.001,NA,8.95304619330517e-09
"999",0.001,NA,4.31213369015415e-05
"1000",0.001,NA,0.000118525403126402
