"logcon","smooth","K.S"
"1",0.176,NA,0.225355709764238
"2",0.001,NA,0.00131525699734414
"3",0.001,NA,0.000995587375361429
"4",0.048,NA,0.0235963921429023
"5",0.037,NA,0.104610577876392
"6",0.001,NA,0.000754051894885976
"7",0.166,NA,0.584470467364235
"8",0.003,NA,0.0124506515852041
"9",0.019,NA,0.042711738969382
"10",0.002,NA,0.000304022930789682
"11",0.001,NA,6.00175156008076e-05
"12",0.003,NA,0.00379192325370625
"13",0.003,NA,0.000565698421827632
"14",0.01,NA,0.0235963921429023
"15",0.002,NA,0.0290800845283452
"16",0.001,NA,0.000995587375361429
"17",0.047,NA,0.225355709764238
"18",0.089,NA,0.167629861468165
"19",0.01,NA,0.08829099122278
"20",0.052,NA,0.0290800845283452
"21",0.036,NA,0.104610577876392
"22",0.035,NA,0.08829099122278
"23",0.029,NA,0.0124506515852041
"24",0.031,NA,0.0741284108856448
"25",0.013,NA,0.000754051894885976
"26",0.007,NA,0.0235963921429023
"27",0.022,NA,0.0190159276889535
"28",0.002,NA,9.87712549738173e-06
"29",0.003,NA,0.0124506515852041
"30",0.074,NA,0.062190003462748
"31",0.003,NA,0.00486178055538844
"32",0.002,NA,0.0124506515852041
"33",0.001,NA,0.000565698421827632
"34",0.002,NA,0.00486178055538844
"35",0.09,NA,0.167629861468165
"36",0.011,NA,0.0124506515852041
"37",0.019,NA,0.0741284108856448
"38",0.003,NA,0.00781590304643887
"39",0.011,NA,0.0190159276889535
"40",0.01,NA,0.0153884656148784
"41",0.008,NA,0.0124506515852041
"42",0.051,NA,0.0290800845283452
"43",0.002,NA,0.00379192325370625
"44",0.017,NA,0.0190159276889535
"45",0.021,NA,0.0515981549514742
"46",0.003,NA,0.0124506515852041
"47",0.09,NA,0.225355709764238
"48",0.004,NA,0.0124506515852041
"49",0.004,NA,0.0235963921429023
"50",0.003,NA,0.00379192325370625
"51",0.004,NA,0.0124506515852041
"52",0.002,NA,0.000304022930789682
"53",0.002,NA,0.00293388097445924
"54",0.092,NA,0.08829099122278
"55",0.109,NA,0.195517517300654
"56",0.066,NA,0.167629861468165
"57",0.022,NA,0.0515981549514742
"58",0.001,NA,0.00226209984200354
"59",0.012,NA,0.0124506515852041
"60",0.006,NA,0.062190003462748
"61",0.111,NA,0.424926216384804
"62",0.002,NA,0.0153884656148784
"63",0.009,NA,0.0290800845283452
"64",0.18,NA,0.380392026690902
"65",0.076,NA,0.08829099122278
"66",0.001,NA,0.00173489159612916
"67",0.075,NA,0.042711738969382
"68",0.014,NA,0.0124506515852041
"69",0.031,NA,0.00293388097445924
"70",0.001,NA,4.31213369015415e-05
"71",0.001,NA,0.00131525699734414
"72",0.283,NA,0.528636444814501
"73",0.001,NA,0.000754051894885976
"74",0.02,NA,0.0235963921429023
"75",0.001,NA,0.000225266396098323
"76",0.036,NA,0.062190003462748
"77",0.002,NA,0.0061554466603374
"78",0.001,NA,3.0099578535947e-05
"79",0.001,NA,0.000565698421827632
"80",0.009,NA,0.000754051894885976
"81",0.01,NA,0.0061554466603374
"82",0.001,NA,8.14700074069918e-07
"83",0.009,NA,0.0515981549514742
"84",0.059,NA,0.104610577876392
"85",0.078,NA,0.08829099122278
"86",0.002,NA,0.000565698421827632
"87",0.002,NA,0.000995587375361429
"88",0.011,NA,0.042711738969382
"89",0.026,NA,0.0352956393152311
"90",0.037,NA,0.122762815314633
"91",0.002,NA,6.00175156008076e-05
"92",0.001,NA,2.07652221577703e-05
"93",0.011,NA,0.0124506515852041
"94",0.001,NA,0.000754051894885976
"95",0.002,NA,0.0061554466603374
"96",0.003,NA,0.00781590304643887
"97",0.001,NA,2.07652221577703e-05
"98",0.001,NA,9.87712549738173e-06
"99",0.038,NA,0.0290800845283452
"100",0.031,NA,0.0515981549514742
"101",0.002,NA,0.00379192325370625
"102",0.013,NA,0.042711738969382
"103",0.002,NA,0.000118525403126402
"104",0.021,NA,0.0235963921429023
"105",0.002,NA,0.00781590304643887
"106",0.031,NA,0.0515981549514742
"107",0.004,NA,0.000754051894885976
"108",0.086,NA,0.167629861468165
"109",0.005,NA,0.00173489159612916
"110",0.33,NA,0.699591898907392
"111",0.001,NA,6.63633287523169e-06
"112",0.007,NA,0.00781590304643887
"113",0.005,NA,0.00293388097445924
"114",0.057,NA,0.195517517300654
"115",0.001,NA,0.000118525403126402
"116",0.001,NA,0.000565698421827632
"117",0.001,NA,0.000995587375361429
"118",0.409,NA,0.380392026690902
"119",0.159,NA,0.08829099122278
"120",0.023,NA,0.0515981549514742
"121",0.002,NA,0.00379192325370625
"122",0.016,NA,0.0061554466603374
"123",0.006,NA,0.104610577876392
"124",0.004,NA,0.00486178055538844
"125",0.001,NA,0.00486178055538844
"126",0.037,NA,0.062190003462748
"127",0.004,NA,0.00293388097445924
"128",0.101,NA,0.225355709764238
"129",0.003,NA,0.0352956393152311
"130",0.064,NA,0.143143523659279
"131",0.011,NA,0.0290800845283452
"132",0.001,NA,0.00486178055538844
"133",0.001,NA,0.00131525699734414
"134",0.001,NA,0.00379192325370625
"135",0.064,NA,0.0741284108856448
"136",0.013,NA,0.0061554466603374
"137",0.021,NA,0.0190159276889535
"138",0.001,NA,0.000565698421827632
"139",0.01,NA,0.00486178055538844
"140",0.188,NA,0.225355709764238
"141",0.004,NA,0.0290800845283452
"142",0.002,NA,0.00379192325370625
"143",0.016,NA,0.042711738969382
"144",0.001,NA,5.87538133700605e-08
"145",0.265,NA,0.639157512301366
"146",0.01,NA,0.062190003462748
"147",0.001,NA,9.87712549738173e-06
"148",0.001,NA,0.00226209984200354
"149",0.001,NA,6.63633287523169e-06
"150",0.044,NA,0.042711738969382
"151",0.051,NA,0.08829099122278
"152",0.001,NA,4.49197988261485e-06
"153",0.001,NA,0.042711738969382
"154",0.004,NA,0.0153884656148784
"155",0.002,NA,0.000754051894885976
"156",0.016,NA,0.0290800845283452
"157",0.193,NA,0.143143523659279
"158",0.015,NA,0.0352956393152311
"159",0.003,NA,0.042711738969382
"160",0.011,NA,0.0235963921429023
"161",0.309,NA,0.528636444814501
"162",0.001,NA,8.3767285239511e-05
"163",0.001,NA,0.00486178055538844
"164",0.001,NA,1.19547458155012e-07
"165",0.005,NA,0.00486178055538844
"166",0.012,NA,0.0741284108856448
"167",0.002,NA,0.000754051894885976
"168",0.048,NA,0.0515981549514742
"169",0.003,NA,0.000304022930789682
"170",0.053,NA,0.122762815314633
"171",0.001,NA,0.00486178055538844
"172",0.004,NA,0.00379192325370625
"173",0.02,NA,0.00781590304643887
"174",0.01,NA,0.00781590304643887
"175",0.074,NA,0.122762815314633
"176",0.001,NA,2.07652221577703e-05
"177",0.003,NA,0.00379192325370625
"178",0.025,NA,0.104610577876392
"179",0.012,NA,0.195517517300654
"180",0.001,NA,0.00226209984200354
"181",0.008,NA,0.0153884656148784
"182",0.179,NA,0.255943650553973
"183",0.078,NA,0.225355709764238
"184",0.011,NA,0.08829099122278
"185",0.004,NA,0.00991306014786442
"186",0.001,NA,0.00173489159612916
"187",0.001,NA,0.00226209984200354
"188",0.001,NA,1.25676477469305e-06
"189",0.014,NA,0.0290800845283452
"190",0.063,NA,0.0515981549514742
"191",0.003,NA,0.000565698421827632
"192",0.001,NA,8.3767285239511e-05
"193",0.02,NA,0.042711738969382
"194",0.01,NA,0.000995587375361429
"195",0.168,NA,0.0741284108856448
"196",0.088,NA,0.380392026690902
"197",0.076,NA,0.225355709764238
"198",0.006,NA,0.0190159276889535
"199",0.513,NA,0.804038612874548
"200",0.005,NA,0.00293388097445924
"201",0.001,NA,4.31213369015415e-05
"202",0.033,NA,0.0290800845283452
"203",0.02,NA,0.0741284108856448
"204",0.006,NA,0.00781590304643887
"205",0.002,NA,0.00781590304643887
"206",0.009,NA,0.08829099122278
"207",0.001,NA,0.000754051894885976
"208",0.013,NA,0.08829099122278
"209",0.002,NA,6.00175156008076e-05
"210",0.01,NA,0.042711738969382
"211",0.002,NA,0.00131525699734414
"212",0.001,NA,0.000225266396098323
"213",0.128,NA,0.167629861468165
"214",0.003,NA,0.0124506515852041
"215",0.004,NA,0.00226209984200354
"216",0.243,NA,0.335700352632256
"217",0.039,NA,0.0290800845283452
"218",0.454,NA,0.584470467364235
"219",0.031,NA,0.062190003462748
"220",0.005,NA,0.0153884656148784
"221",0.007,NA,0.042711738969382
"222",0.009,NA,0.0153884656148784
"223",0.002,NA,0.0124506515852041
"224",0.004,NA,0.000995587375361429
"225",0.001,NA,0.000225266396098323
"226",0.091,NA,0.225355709764238
"227",0.002,NA,0.00781590304643887
"228",0.005,NA,0.0290800845283452
"229",0.019,NA,0.0290800845283452
"230",0.003,NA,0.0352956393152311
"231",0.001,NA,0.000565698421827632
"232",0.1,NA,0.380392026690902
"233",0.01,NA,0.0235963921429023
"234",0.006,NA,0.00991306014786442
"235",0.003,NA,0.000995587375361429
"236",0.011,NA,0.0153884656148784
"237",0.151,NA,0.528636444814501
"238",0.002,NA,0.00781590304643887
"239",0.002,NA,0.00991306014786442
"240",0.097,NA,0.0741284108856448
"241",0.001,NA,8.14700074069918e-07
"242",0.005,NA,0.000995587375361429
"243",0.035,NA,0.0153884656148784
"244",0.007,NA,0.00486178055538844
"245",0.01,NA,0.0190159276889535
"246",0.009,NA,0.0124506515852041
"247",0.016,NA,0.062190003462748
"248",0.009,NA,0.0235963921429023
"249",0.016,NA,0.0235963921429023
"250",0.001,NA,0.000225266396098323
"251",0.002,NA,0.000225266396098323
"252",0.002,NA,0.00379192325370625
"253",0.001,NA,0.00293388097445924
"254",0.008,NA,0.042711738969382
"255",0.022,NA,0.0515981549514742
"256",0.019,NA,0.0190159276889535
"257",0.452,NA,0.293378998554977
"258",0.008,NA,0.00991306014786442
"259",0.003,NA,0.00293388097445924
"260",0.019,NA,0.062190003462748
"261",0.006,NA,0.00991306014786442
"262",0.004,NA,0.00379192325370625
"263",0.005,NA,6.00175156008076e-05
"264",0.01,NA,0.0153884656148784
"265",0.001,NA,2.07652221577703e-05
"266",0.002,NA,0.00991306014786442
"267",0.006,NA,0.0153884656148784
"268",0.001,NA,0.000225266396098323
"269",0.004,NA,0.0153884656148784
"270",0.128,NA,0.0741284108856448
"271",0.009,NA,0.00781590304643887
"272",0.003,NA,0.00293388097445924
"273",0.002,NA,0.0190159276889535
"274",0.002,NA,0.00781590304643887
"275",0.012,NA,0.0124506515852041
"276",0.001,NA,8.14700074069918e-07
"277",0.004,NA,0.00486178055538844
"278",0.001,NA,0.00293388097445924
"279",0.005,NA,0.00486178055538844
"280",0.001,NA,0.00226209984200354
"281",0.099,NA,0.424926216384804
"282",0.002,NA,0.00379192325370625
"283",0.003,NA,0.0153884656148784
"284",0.024,NA,0.0515981549514742
"285",0.001,NA,0.00293388097445924
"286",0.015,NA,0.00486178055538844
"287",0.035,NA,0.0190159276889535
"288",0.034,NA,0.0190159276889535
"289",0.001,NA,0.00293388097445924
"290",0.001,NA,0.000165925744671003
"291",0.214,NA,0.424926216384804
"292",0.002,NA,0.00379192325370625
"293",0.003,NA,0.00131525699734414
"294",0.001,NA,0.00226209984200354
"295",0.001,NA,0.000565698421827632
"296",0.001,NA,0.000754051894885976
"297",0.001,NA,0.00173489159612916
"298",0.001,NA,0.000165925744671003
"299",0.006,NA,0.0124506515852041
"300",0.215,NA,0.195517517300654
"301",0.002,NA,0.000165925744671003
"302",0.001,NA,0.00173489159612916
"303",0.06,NA,0.195517517300654
"304",0.183,NA,0.380392026690902
"305",0.027,NA,0.0290800845283452
"306",0.004,NA,0.042711738969382
"307",0.013,NA,0.0153884656148784
"308",0.001,NA,0.000414535182163278
"309",0.375,NA,0.699591898907392
"310",0.013,NA,0.0153884656148784
"311",0.151,NA,0.104610577876392
"312",0.001,NA,0.000995587375361429
"313",0.001,NA,6.00175156008076e-05
"314",0.004,NA,0.00781590304643887
"315",0.005,NA,0.00781590304643887
"316",0.002,NA,0.000304022930789682
"317",0.015,NA,0.0124506515852041
"318",0.004,NA,0.042711738969382
"319",0.011,NA,0.0290800845283452
"320",0.031,NA,0.225355709764238
"321",0.011,NA,0.00486178055538844
"322",0.009,NA,0.042711738969382
"323",0.008,NA,0.0061554466603374
"324",0.001,NA,0.00226209984200354
"325",0.001,NA,0.00486178055538844
"326",0.004,NA,0.00991306014786442
"327",0.002,NA,4.31213369015415e-05
"328",0.018,NA,0.0741284108856448
"329",0.06,NA,0.08829099122278
"330",0.078,NA,0.0515981549514742
"331",0.024,NA,0.0153884656148784
"332",0.001,NA,6.00175156008076e-05
"333",0.012,NA,0.0190159276889535
"334",0.093,NA,0.167629861468165
"335",0.011,NA,0.00991306014786442
"336",0.001,NA,0.000304022930789682
"337",0.048,NA,0.225355709764238
"338",0.03,NA,0.104610577876392
"339",0.004,NA,0.00991306014786442
"340",0.01,NA,0.0124506515852041
"341",0.032,NA,0.0741284108856448
"342",0.069,NA,0.225355709764238
"343",0.022,NA,0.0352956393152311
"344",0.017,NA,0.00379192325370625
"345",0.001,NA,0.00131525699734414
"346",0.002,NA,0.00131525699734414
"347",0.16,NA,0.293378998554977
"348",0.391,NA,0.639157512301366
"349",0.001,NA,0.00293388097445924
"350",0.001,NA,0.00379192325370625
"351",0.01,NA,0.0124506515852041
"352",0.024,NA,0.0124506515852041
"353",0.001,NA,0.0190159276889535
"354",0.005,NA,0.00991306014786442
"355",0.001,NA,0.000565698421827632
"356",0.071,NA,0.225355709764238
"357",0.003,NA,0.00781590304643887
"358",0.114,NA,0.0352956393152311
"359",0.017,NA,0.042711738969382
"360",0.162,NA,0.293378998554977
"361",0.134,NA,0.225355709764238
"362",0.055,NA,0.08829099122278
"363",0.061,NA,0.0352956393152311
"364",0.001,NA,1.43355342960838e-05
"365",0.001,NA,0.000304022930789682
"366",0.001,NA,0.000165925744671003
"367",0.001,NA,0.00131525699734414
"368",0.001,NA,0.00293388097445924
"369",0.006,NA,0.00226209984200354
"370",0.001,NA,4.49197988261485e-06
"371",0.002,NA,0.00486178055538844
"372",0.006,NA,0.0515981549514742
"373",0.002,NA,0.00131525699734414
"374",0.005,NA,0.042711738969382
"375",0.009,NA,0.0124506515852041
"376",0.031,NA,0.104610577876392
"377",0.19,NA,0.195517517300654
"378",0.005,NA,0.0290800845283452
"379",0.001,NA,0.00293388097445924
"380",0.013,NA,0.0515981549514742
"381",0.005,NA,0.0124506515852041
"382",0.013,NA,0.08829099122278
"383",0.001,NA,0.000304022930789682
"384",0.005,NA,0.042711738969382
"385",0.006,NA,0.00991306014786442
"386",0.002,NA,0.0061554466603374
"387",0.329,NA,0.380392026690902
"388",0.004,NA,0.0124506515852041
"389",0.001,NA,0.00131525699734414
"390",0.007,NA,0.0153884656148784
"391",0.099,NA,0.00781590304643887
"392",0.001,NA,0.000165925744671003
"393",0.005,NA,0.0290800845283452
"394",0.565,NA,0.804038612874548
"395",0.008,NA,0.042711738969382
"396",0.001,NA,0.000565698421827632
"397",0.002,NA,0.00379192325370625
"398",0.001,NA,0.000304022930789682
"399",0.021,NA,0.062190003462748
"400",0.001,NA,0.000995587375361429
"401",0.001,NA,0.00226209984200354
"402",0.086,NA,0.167629861468165
"403",0.001,NA,4.49197988261485e-06
"404",0.007,NA,0.0290800845283452
"405",0.08,NA,0.0741284108856448
"406",0.01,NA,0.0124506515852041
"407",0.021,NA,0.0290800845283452
"408",0.048,NA,0.335700352632256
"409",0.264,NA,0.424926216384804
"410",0.002,NA,0.0124506515852041
"411",0.069,NA,0.042711738969382
"412",0.006,NA,0.0153884656148784
"413",0.019,NA,0.00486178055538844
"414",0.001,NA,0.00781590304643887
"415",0.039,NA,0.0190159276889535
"416",0.001,NA,0.00781590304643887
"417",0.007,NA,0.0741284108856448
"418",0.018,NA,0.122762815314633
"419",0.008,NA,0.0061554466603374
"420",0.001,NA,0.00293388097445924
"421",0.028,NA,0.042711738969382
"422",0.001,NA,0.000414535182163278
"423",0.03,NA,0.225355709764238
"424",0.081,NA,0.167629861468165
"425",0.007,NA,0.0352956393152311
"426",0.03,NA,0.0741284108856448
"427",0.27,NA,0.424926216384804
"428",0.007,NA,0.0190159276889535
"429",0.059,NA,0.104610577876392
"430",0.001,NA,6.00175156008076e-05
"431",0.048,NA,0.062190003462748
"432",0.006,NA,0.00293388097445924
"433",0.003,NA,0.00293388097445924
"434",0.001,NA,9.87712549738173e-06
"435",0.002,NA,0.000565698421827632
"436",0.003,NA,0.00131525699734414
"437",0.001,NA,0.000565698421827632
"438",0.344,NA,0.474334165551545
"439",0.002,NA,0.00991306014786442
"440",0.003,NA,0.0235963921429023
"441",0.02,NA,0.104610577876392
"442",0.001,NA,0.00131525699734414
"443",0.003,NA,8.3767285239511e-05
"444",0.001,NA,0.00226209984200354
"445",0.002,NA,1.43355342960838e-05
"446",0.01,NA,0.0190159276889535
"447",0.001,NA,0.0153884656148784
"448",0.022,NA,0.0235963921429023
"449",0.006,NA,0.0352956393152311
"450",0.001,NA,0.000225266396098323
"451",0.051,NA,0.143143523659279
"452",0.001,NA,1.19547458155012e-07
"453",0.006,NA,0.0124506515852041
"454",0.004,NA,0.00486178055538844
"455",0.294,NA,0.584470467364235
"456",0.018,NA,0.042711738969382
"457",0.212,NA,0.122762815314633
"458",0.001,NA,0.000565698421827632
"459",0.001,NA,0.000165925744671003
"460",0.003,NA,0.00379192325370625
"461",0.046,NA,0.225355709764238
"462",0.03,NA,0.0352956393152311
"463",0.021,NA,0.0190159276889535
"464",0.002,NA,0.0061554466603374
"465",0.002,NA,0.000995587375361429
"466",0.113,NA,0.255943650553973
"467",0.036,NA,0.042711738969382
"468",0.037,NA,0.225355709764238
"469",0.013,NA,0.00991306014786442
"470",0.008,NA,0.0290800845283452
"471",0.039,NA,0.195517517300654
"472",0.002,NA,0.0290800845283452
"473",0.001,NA,0.000565698421827632
"474",0.001,NA,6.63633287523169e-06
"475",0.002,NA,0.00781590304643887
"476",0.166,NA,0.293378998554977
"477",0.064,NA,0.0515981549514742
"478",0.035,NA,0.0352956393152311
"479",0.212,NA,0.584470467364235
"480",0.022,NA,0.0124506515852041
"481",0.001,NA,8.14700074069918e-07
"482",0.002,NA,0.000304022930789682
"483",0.001,NA,0.00486178055538844
"484",0.003,NA,0.000414535182163278
"485",0.008,NA,0.0290800845283452
"486",0.004,NA,0.00293388097445924
"487",0.008,NA,0.00991306014786442
"488",0.023,NA,0.0290800845283452
"489",0.029,NA,0.0235963921429023
"490",0.001,NA,0.000995587375361429
"491",0.033,NA,0.0515981549514742
"492",0.008,NA,0.0190159276889535
"493",0.008,NA,0.00293388097445924
"494",0.006,NA,0.0061554466603374
"495",0.019,NA,0.0352956393152311
"496",0.004,NA,0.00991306014786442
"497",0.066,NA,0.0290800845283452
"498",0.023,NA,0.0124506515852041
"499",0.001,NA,0.000754051894885976
"500",0.006,NA,0.00486178055538844
"501",0.019,NA,0.0190159276889535
"502",0.002,NA,0.00991306014786442
"503",0.017,NA,0.042711738969382
"504",0.003,NA,0.00293388097445924
"505",0.298,NA,0.293378998554977
"506",0.09,NA,0.167629861468165
"507",0.082,NA,0.104610577876392
"508",0.014,NA,0.0290800845283452
"509",0.001,NA,0.000754051894885976
"510",0.007,NA,0.00226209984200354
"511",0.48,NA,0.474334165551545
"512",0.003,NA,0.0124506515852041
"513",0.002,NA,0.00293388097445924
"514",0.015,NA,0.0153884656148784
"515",0.002,NA,0.00781590304643887
"516",0.027,NA,0.08829099122278
"517",0.012,NA,0.0124506515852041
"518",0.003,NA,0.042711738969382
"519",0.039,NA,0.122762815314633
"520",0.001,NA,9.87712549738173e-06
"521",0.374,NA,0.699591898907392
"522",0.001,NA,0.000995587375361429
"523",0.001,NA,6.00175156008076e-05
"524",0.506,NA,0.584470467364235
"525",0.006,NA,0.042711738969382
"526",0.001,NA,0.00293388097445924
"527",0.023,NA,0.104610577876392
"528",0.003,NA,0.0235963921429023
"529",0.003,NA,0.00293388097445924
"530",0.027,NA,0.0741284108856448
"531",0.018,NA,0.08829099122278
"532",0.024,NA,0.08829099122278
"533",0.001,NA,0.042711738969382
"534",0.001,NA,8.3767285239511e-05
"535",0.014,NA,0.00486178055538844
"536",0.001,NA,0.00131525699734414
"537",0.001,NA,4.31213369015415e-05
"538",0.065,NA,0.0515981549514742
"539",0.001,NA,0.000304022930789682
"540",0.002,NA,0.0061554466603374
"541",0.016,NA,0.0290800845283452
"542",0.007,NA,0.0352956393152311
"543",0.015,NA,0.0235963921429023
"544",0.003,NA,0.00293388097445924
"545",0.063,NA,0.122762815314633
"546",0.001,NA,0.00379192325370625
"547",0.002,NA,0.0235963921429023
"548",0.015,NA,0.0153884656148784
"549",0.026,NA,0.08829099122278
"550",0.144,NA,0.528636444814501
"551",0.003,NA,0.00991306014786442
"552",0.004,NA,0.0290800845283452
"553",0.106,NA,0.335700352632256
"554",0.435,NA,0.699591898907392
"555",0.013,NA,0.0290800845283452
"556",0.014,NA,0.042711738969382
"557",0.075,NA,0.143143523659279
"558",0.011,NA,0.0124506515852041
"559",0.665,NA,0.89860822198259
"560",0.001,NA,0.000754051894885976
"561",0.003,NA,0.0061554466603374
"562",0.005,NA,0.00173489159612916
"563",0.005,NA,0.00379192325370625
"564",0.007,NA,0.00781590304643887
"565",0.01,NA,0.0352956393152311
"566",0.001,NA,0.000754051894885976
"567",0.001,NA,0.0124506515852041
"568",0.245,NA,0.380392026690902
"569",0.004,NA,0.000565698421827632
"570",0.01,NA,0.00486178055538844
"571",0.027,NA,0.0290800845283452
"572",0.02,NA,0.00486178055538844
"573",0.081,NA,0.195517517300654
"574",0.005,NA,0.00781590304643887
"575",0.007,NA,0.0124506515852041
"576",0.215,NA,0.225355709764238
"577",0.003,NA,0.000995587375361429
"578",0.247,NA,0.424926216384804
"579",0.001,NA,0.00131525699734414
"580",0.004,NA,0.00226209984200354
"581",0.081,NA,0.143143523659279
"582",0.001,NA,0.00131525699734414
"583",0.004,NA,0.00486178055538844
"584",0.007,NA,0.00781590304643887
"585",0.082,NA,0.699591898907392
"586",0.001,NA,0.000118525403126402
"587",0.001,NA,0.0153884656148784
"588",0.017,NA,0.0352956393152311
"589",0.001,NA,0.000754051894885976
"590",0.001,NA,0.0352956393152311
"591",0.201,NA,0.335700352632256
"592",0.08,NA,0.167629861468165
"593",0.088,NA,0.225355709764238
"594",0.001,NA,6.00175156008076e-05
"595",0.011,NA,0.00991306014786442
"596",0.002,NA,0.00991306014786442
"597",0.001,NA,0.0153884656148784
"598",0.375,NA,0.584470467364235
"599",0.001,NA,0.000225266396098323
"600",0.008,NA,0.00293388097445924
"601",0.008,NA,0.0153884656148784
"602",0.001,NA,0.000304022930789682
"603",0.003,NA,0.00131525699734414
"604",0.001,NA,0.000225266396098323
"605",0.009,NA,0.00781590304643887
"606",0.016,NA,0.0235963921429023
"607",0.001,NA,0.0153884656148784
"608",0.005,NA,0.0190159276889535
"609",0.001,NA,0.00486178055538844
"610",0.031,NA,0.0124506515852041
"611",0.004,NA,0.0153884656148784
"612",0.317,NA,0.380392026690902
"613",0.01,NA,0.0290800845283452
"614",0.03,NA,0.0352956393152311
"615",0.006,NA,0.0352956393152311
"616",0.012,NA,0.0190159276889535
"617",0.175,NA,0.167629861468165
"618",0.053,NA,0.104610577876392
"619",0.005,NA,0.0124506515852041
"620",0.001,NA,0.000414535182163278
"621",0.001,NA,0.00131525699734414
"622",0.001,NA,0.000225266396098323
"623",0.023,NA,0.0153884656148784
"624",0.11,NA,0.042711738969382
"625",0.039,NA,0.143143523659279
"626",0.006,NA,0.0290800845283452
"627",0.002,NA,0.000995587375361429
"628",0.049,NA,0.08829099122278
"629",0.001,NA,0.000118525403126402
"630",0.088,NA,0.195517517300654
"631",0.038,NA,0.042711738969382
"632",0.137,NA,0.424926216384804
"633",0.053,NA,0.143143523659279
"634",0.013,NA,0.042711738969382
"635",0.001,NA,0.000165925744671003
"636",0.022,NA,0.0235963921429023
"637",0.001,NA,0.000995587375361429
"638",0.001,NA,0.00131525699734414
"639",0.05,NA,0.0352956393152311
"640",0.127,NA,0.195517517300654
"641",0.017,NA,0.0235963921429023
"642",0.001,NA,0.00131525699734414
"643",0.018,NA,0.08829099122278
"644",0.006,NA,0.0190159276889535
"645",0.006,NA,0.00379192325370625
"646",0.008,NA,0.00293388097445924
"647",0.082,NA,0.08829099122278
"648",0.014,NA,0.0741284108856448
"649",0.146,NA,0.195517517300654
"650",0.08,NA,0.167629861468165
"651",0.001,NA,0.00131525699734414
"652",0.001,NA,0.000754051894885976
"653",0.002,NA,0.00226209984200354
"654",0.016,NA,0.0290800845283452
"655",0.002,NA,0.00173489159612916
"656",0.008,NA,0.0124506515852041
"657",0.023,NA,0.042711738969382
"658",0.017,NA,0.0515981549514742
"659",0.105,NA,0.699591898907392
"660",0.022,NA,0.0124506515852041
"661",0.013,NA,0.0190159276889535
"662",0.035,NA,0.08829099122278
"663",0.087,NA,0.167629861468165
"664",0.002,NA,0.0124506515852041
"665",0.014,NA,0.062190003462748
"666",0.073,NA,0.225355709764238
"667",0.011,NA,0.042711738969382
"668",0.005,NA,0.0153884656148784
"669",0.004,NA,0.00131525699734414
"670",0.001,NA,0.00379192325370625
"671",0.001,NA,0.00379192325370625
"672",0.006,NA,0.00991306014786442
"673",0.015,NA,0.0352956393152311
"674",0.025,NA,0.0290800845283452
"675",0.001,NA,9.87712549738173e-06
"676",0.001,NA,4.31213369015415e-05
"677",0.017,NA,0.0124506515852041
"678",0.002,NA,0.000565698421827632
"679",0.001,NA,0.000118525403126402
"680",0.001,NA,0.00486178055538844
"681",0.004,NA,0.0061554466603374
"682",0.005,NA,0.0153884656148784
"683",0.056,NA,0.0741284108856448
"684",0.011,NA,0.042711738969382
"685",0.014,NA,0.0235963921429023
"686",0.003,NA,0.0124506515852041
"687",0.037,NA,0.062190003462748
"688",0.001,NA,5.6327531794409e-07
"689",0.033,NA,0.0515981549514742
"690",0.001,NA,0.000165925744671003
"691",0.027,NA,0.062190003462748
"692",0.001,NA,3.0099578535947e-05
"693",0.005,NA,0.0153884656148784
"694",0.004,NA,0.00173489159612916
"695",0.001,NA,0.000754051894885976
"696",0.148,NA,0.474334165551545
"697",0.093,NA,0.424926216384804
"698",0.005,NA,0.0124506515852041
"699",0.162,NA,0.335700352632256
"700",0.166,NA,0.143143523659279
"701",0.001,NA,0.000225266396098323
"702",0.001,NA,0.00293388097445924
"703",0.001,NA,0.000414535182163278
"704",0.053,NA,0.225355709764238
"705",0.282,NA,0.474334165551545
"706",0.004,NA,0.000414535182163278
"707",0.001,NA,0.00486178055538844
"708",0.001,NA,0.00131525699734414
"709",0.001,NA,0.00131525699734414
"710",0.001,NA,8.3767285239511e-05
"711",0.07,NA,0.0153884656148784
"712",0.001,NA,0.000995587375361429
"713",0.002,NA,0.0153884656148784
"714",0.062,NA,0.225355709764238
"715",0.002,NA,4.31213369015415e-05
"716",0.519,NA,0.75312400165754
"717",0.049,NA,0.0741284108856448
"718",0.001,NA,0.000165925744671003
"719",0.076,NA,0.08829099122278
"720",0.001,NA,3.0099578535947e-05
"721",0.044,NA,0.195517517300654
"722",0.003,NA,0.0352956393152311
"723",0.024,NA,0.00991306014786442
"724",0.03,NA,0.195517517300654
"725",0.001,NA,0.00131525699734414
"726",0.001,NA,0.000225266396098323
"727",0.015,NA,0.0061554466603374
"728",0.001,NA,4.49197988261485e-06
"729",0.017,NA,0.0515981549514742
"730",0.001,NA,0.000995587375361429
"731",0.045,NA,0.0352956393152311
"732",0.008,NA,0.0124506515852041
"733",0.002,NA,0.00486178055538844
"734",0.025,NA,0.08829099122278
"735",0.135,NA,0.293378998554977
"736",0.001,NA,0.00131525699734414
"737",0.004,NA,0.00226209984200354
"738",0.001,NA,0.000225266396098323
"739",0.002,NA,0.000304022930789682
"740",0.008,NA,0.0190159276889535
"741",0.007,NA,0.00991306014786442
"742",0.001,NA,0.00379192325370625
"743",0.028,NA,0.08829099122278
"744",0.002,NA,0.00226209984200354
"745",0.023,NA,0.0061554466603374
"746",0.001,NA,3.0099578535947e-05
"747",0.002,NA,0.0061554466603374
"748",0.002,NA,0.00226209984200354
"749",0.31,NA,0.639157512301366
"750",0.025,NA,0.042711738969382
"751",0.002,NA,0.00131525699734414
"752",0.007,NA,0.00226209984200354
"753",0.002,NA,0.00173489159612916
"754",0.01,NA,0.0352956393152311
"755",0.029,NA,0.104610577876392
"756",0.001,NA,0.00293388097445924
"757",0.001,NA,0.000165925744671003
"758",0.045,NA,0.042711738969382
"759",0.007,NA,0.0190159276889535
"760",0.009,NA,0.00486178055538844
"761",0.017,NA,0.0235963921429023
"762",0.037,NA,0.042711738969382
"763",0.01,NA,0.00486178055538844
"764",0.001,NA,4.31213369015415e-05
"765",0.002,NA,0.00131525699734414
"766",0.001,NA,0.00131525699734414
"767",0.144,NA,0.0741284108856448
"768",0.081,NA,0.225355709764238
"769",0.03,NA,0.104610577876392
"770",0.011,NA,0.0352956393152311
"771",0.001,NA,0.000118525403126402
"772",0.001,NA,0.000225266396098323
"773",0.002,NA,0.00379192325370625
"774",0.002,NA,0.00131525699734414
"775",0.048,NA,0.195517517300654
"776",0.003,NA,0.00379192325370625
"777",0.107,NA,0.122762815314633
"778",0.075,NA,0.104610577876392
"779",0.001,NA,0.00486178055538844
"780",0.017,NA,0.00991306014786442
"781",0.046,NA,0.00991306014786442
"782",0.007,NA,0.0290800845283452
"783",0.022,NA,0.08829099122278
"784",0.002,NA,0.00486178055538844
"785",0.018,NA,0.0290800845283452
"786",0.006,NA,0.042711738969382
"787",0.001,NA,0.00486178055538844
"788",0.005,NA,0.00781590304643887
"789",0.001,NA,8.3767285239511e-05
"790",0.006,NA,0.00379192325370625
"791",0.001,NA,9.87712549738173e-06
"792",0.006,NA,0.00293388097445924
"793",0.008,NA,0.0352956393152311
"794",0.001,NA,0.000225266396098323
"795",0.011,NA,0.062190003462748
"796",0.026,NA,0.0515981549514742
"797",0.011,NA,0.0290800845283452
"798",0.001,NA,0.000304022930789682
"799",0.009,NA,0.062190003462748
"800",0.001,NA,0.00781590304643887
"801",0.001,NA,0.000995587375361429
"802",0.044,NA,0.104610577876392
"803",0.01,NA,0.0153884656148784
"804",0.032,NA,0.122762815314633
"805",0.008,NA,0.00991306014786442
"806",0.001,NA,6.00175156008076e-05
"807",0.087,NA,0.167629861468165
"808",0.04,NA,0.000565698421827632
"809",0.001,NA,0.000118525403126402
"810",0.071,NA,0.143143523659279
"811",0.011,NA,0.0352956393152311
"812",0.055,NA,0.062190003462748
"813",0.006,NA,0.0061554466603374
"814",0.003,NA,0.00379192325370625
"815",0.003,NA,0.00991306014786442
"816",0.001,NA,2.07652221577703e-05
"817",0.012,NA,0.00781590304643887
"818",0.034,NA,0.042711738969382
"819",0.03,NA,0.042711738969382
"820",0.021,NA,0.042711738969382
"821",0.005,NA,0.042711738969382
"822",0.002,NA,0.000225266396098323
"823",0.001,NA,0.0153884656148784
"824",0.003,NA,0.00486178055538844
"825",0.044,NA,0.062190003462748
"826",0.001,NA,4.31213369015415e-05
"827",0.059,NA,0.225355709764238
"828",0.021,NA,0.00379192325370625
"829",0.349,NA,0.424926216384804
"830",0.001,NA,0.00486178055538844
"831",0.001,NA,0.00226209984200354
"832",0.001,NA,0.000304022930789682
"833",0.064,NA,0.104610577876392
"834",0.001,NA,0.000995587375361429
"835",0.001,NA,0.00226209984200354
"836",0.012,NA,0.0352956393152311
"837",0.113,NA,0.122762815314633
"838",0.001,NA,0.000165925744671003
"839",0.008,NA,0.0124506515852041
"840",0.003,NA,0.00226209984200354
"841",0.002,NA,0.00781590304643887
"842",0.083,NA,0.195517517300654
"843",0.015,NA,0.0290800845283452
"844",0.008,NA,0.0290800845283452
"845",0.002,NA,0.000995587375361429
"846",0.001,NA,0.000414535182163278
"847",0.068,NA,0.143143523659279
"848",0.001,NA,0.00379192325370625
"849",0.048,NA,0.0352956393152311
"850",0.002,NA,0.00991306014786442
"851",0.001,NA,0.000995587375361429
"852",0.055,NA,0.0515981549514742
"853",0.001,NA,0.000754051894885976
"854",0.007,NA,0.0061554466603374
"855",0.003,NA,0.00379192325370625
"856",0.003,NA,0.00379192325370625
"857",0.001,NA,0.00226209984200354
"858",0.026,NA,0.042711738969382
"859",0.001,NA,0.000118525403126402
"860",0.114,NA,0.225355709764238
"861",0.001,NA,0.00379192325370625
"862",0.044,NA,0.104610577876392
"863",0.001,NA,0.000565698421827632
"864",0.002,NA,0.00486178055538844
"865",0.052,NA,0.08829099122278
"866",0.032,NA,0.195517517300654
"867",0.005,NA,0.0290800845283452
"868",0.5,NA,0.293378998554977
"869",0.001,NA,0.000165925744671003
"870",0.004,NA,0.0124506515852041
"871",0.004,NA,0.00781590304643887
"872",0.002,NA,0.000754051894885976
"873",0.078,NA,0.143143523659279
"874",0.208,NA,0.195517517300654
"875",0.002,NA,0.0124506515852041
"876",0.002,NA,0.00991306014786442
"877",0.003,NA,0.000995587375361429
"878",0.036,NA,0.143143523659279
"879",0.001,NA,2.07652221577703e-05
"880",0.04,NA,0.08829099122278
"881",0.195,NA,0.474334165551545
"882",0.002,NA,0.0153884656148784
"883",0.004,NA,0.00991306014786442
"884",0.001,NA,0.000995587375361429
"885",0.133,NA,0.225355709764238
"886",0.003,NA,0.00226209984200354
"887",0.004,NA,0.00173489159612916
"888",0.025,NA,0.0124506515852041
"889",0.007,NA,0.00379192325370625
"890",0.173,NA,0.424926216384804
"891",0.002,NA,0.000995587375361429
"892",0.001,NA,0.00293388097445924
"893",0.001,NA,0.000165925744671003
"894",0.001,NA,1.25676477469305e-06
"895",0.003,NA,0.00486178055538844
"896",0.009,NA,0.122762815314633
"897",0.001,NA,4.31213369015415e-05
"898",0.011,NA,0.042711738969382
"899",0.113,NA,0.380392026690902
"900",0.004,NA,0.0235963921429023
"901",0.002,NA,0.000754051894885976
"902",0.002,NA,0.00379192325370625
"903",0.001,NA,0.000565698421827632
"904",0.138,NA,0.167629861468165
"905",0.009,NA,0.00131525699734414
"906",0.256,NA,0.335700352632256
"907",0.003,NA,0.00486178055538844
"908",0.002,NA,0.00131525699734414
"909",0.005,NA,0.0153884656148784
"910",0.014,NA,0.0352956393152311
"911",0.001,NA,0.00131525699734414
"912",0.009,NA,0.0515981549514742
"913",0.016,NA,0.0124506515852041
"914",0.001,NA,0.000165925744671003
"915",0.001,NA,0.00991306014786442
"916",0.006,NA,0.00781590304643887
"917",0.011,NA,0.042711738969382
"918",0.221,NA,0.699591898907392
"919",0.003,NA,0.00781590304643887
"920",0.003,NA,0.00379192325370625
"921",0.008,NA,0.00293388097445924
"922",0.007,NA,0.0153884656148784
"923",0.039,NA,0.225355709764238
"924",0.011,NA,0.042711738969382
"925",0.009,NA,0.00991306014786442
"926",0.015,NA,0.0124506515852041
"927",0.07,NA,0.167629861468165
"928",0.042,NA,0.195517517300654
"929",0.001,NA,0.000304022930789682
"930",0.001,NA,0.00131525699734414
"931",0.21,NA,0.143143523659279
"932",0.058,NA,0.225355709764238
"933",0.001,NA,4.31213369015415e-05
"934",0.001,NA,0.00486178055538844
"935",0.051,NA,0.062190003462748
"936",0.001,NA,0.000118525403126402
"937",0.128,NA,0.143143523659279
"938",0.001,NA,0.000118525403126402
"939",0.006,NA,0.00991306014786442
"940",0.001,NA,0.000225266396098323
"941",0.001,NA,0.00131525699734414
"942",0.098,NA,0.062190003462748
"943",0.059,NA,0.195517517300654
"944",0.001,NA,6.00175156008076e-05
"945",0.103,NA,0.167629861468165
"946",0.011,NA,0.104610577876392
"947",0.005,NA,0.0124506515852041
"948",0.074,NA,0.225355709764238
"949",0.35,NA,0.699591898907392
"950",0.001,NA,0.000304022930789682
"951",0.013,NA,0.0352956393152311
"952",0.005,NA,0.0290800845283452
"953",0.005,NA,0.0235963921429023
"954",0.108,NA,0.143143523659279
"955",0.054,NA,0.195517517300654
"956",0.022,NA,0.0352956393152311
"957",0.269,NA,0.424926216384804
"958",0.208,NA,0.225355709764238
"959",0.005,NA,0.0124506515852041
"960",0.002,NA,0.000565698421827632
"961",0.001,NA,0.000304022930789682
"962",0.001,NA,0.000165925744671003
"963",0.011,NA,0.042711738969382
"964",0.073,NA,0.167629861468165
"965",0.003,NA,0.000995587375361429
"966",0.001,NA,0.000995587375361429
"967",0.081,NA,0.225355709764238
"968",0.001,NA,0.000995587375361429
"969",0.013,NA,0.00991306014786442
"970",0.029,NA,0.104610577876392
"971",0.219,NA,0.528636444814501
"972",0.031,NA,0.042711738969382
"973",0.001,NA,0.000165925744671003
"974",0.212,NA,0.122762815314633
"975",0.009,NA,0.0235963921429023
"976",0.059,NA,0.00991306014786442
"977",0.031,NA,0.0515981549514742
"978",0.078,NA,0.0352956393152311
"979",0.028,NA,0.042711738969382
"980",0.005,NA,0.0124506515852041
"981",0.001,NA,4.31213369015415e-05
"982",0.006,NA,0.0352956393152311
"983",0.146,NA,0.167629861468165
"984",0.044,NA,0.122762815314633
"985",0.002,NA,0.0153884656148784
"986",0.011,NA,0.0290800845283452
"987",0.002,NA,0.000414535182163278
"988",0.013,NA,0.00991306014786442
"989",0.001,NA,0.000754051894885976
"990",0.025,NA,0.0124506515852041
"991",0.35,NA,0.699591898907392
"992",0.005,NA,0.00781590304643887
"993",0.006,NA,0.0190159276889535
"994",0.007,NA,0.00379192325370625
"995",0.207,NA,0.255943650553973
"996",0.001,NA,0.000995587375361429
"997",0.008,NA,0.0061554466603374
"998",0.001,NA,1.43355342960838e-05
"999",0.04,NA,0.122762815314633
"1000",0.067,NA,0.225355709764238
