"logcon","smooth","K.S"
"1",0.638,NA,0.528636444814501
"2",0.018,NA,0.0235963921429023
"3",0.002,NA,0.00379192325370625
"4",0.076,NA,0.08829099122278
"5",0.199,NA,0.335700352632256
"6",0.007,NA,0.00226209984200354
"7",0.508,NA,0.584470467364235
"8",0.005,NA,0.0124506515852041
"9",0.254,NA,0.225355709764238
"10",0.001,NA,0.000414535182163278
"11",0.087,NA,0.062190003462748
"12",0.063,NA,0.062190003462748
"13",0.001,NA,0.000754051894885976
"14",0.068,NA,0.062190003462748
"15",0.01,NA,0.00486178055538844
"16",0.001,NA,0.000995587375361429
"17",0.148,NA,0.293378998554977
"18",0.186,NA,0.293378998554977
"19",0.041,NA,0.143143523659279
"20",0.119,NA,0.104610577876392
"21",0.064,NA,0.104610577876392
"22",0.399,NA,0.335700352632256
"23",0.077,NA,0.122762815314633
"24",0.097,NA,0.293378998554977
"25",0.12,NA,0.0352956393152311
"26",0.28,NA,0.335700352632256
"27",0.045,NA,0.167629861468165
"28",0.005,NA,0.000165925744671003
"29",0.076,NA,0.062190003462748
"30",0.176,NA,0.122762815314633
"31",0.028,NA,0.0124506515852041
"32",0.03,NA,0.0515981549514742
"33",0.002,NA,0.00293388097445924
"34",0.053,NA,0.062190003462748
"35",0.216,NA,0.255943650553973
"36",0.143,NA,0.122762815314633
"37",0.042,NA,0.195517517300654
"38",0.002,NA,0.00991306014786442
"39",0.044,NA,0.0515981549514742
"40",0.019,NA,0.0153884656148784
"41",0.018,NA,0.0290800845283452
"42",0.247,NA,0.293378998554977
"43",0.01,NA,0.00991306014786442
"44",0.038,NA,0.0741284108856448
"45",0.101,NA,0.143143523659279
"46",0.014,NA,0.0290800845283452
"47",0.032,NA,0.0515981549514742
"48",0.017,NA,0.042711738969382
"49",0.017,NA,0.0235963921429023
"50",0.069,NA,0.122762815314633
"51",0.042,NA,0.0352956393152311
"52",0.004,NA,0.00379192325370625
"53",0.004,NA,0.00486178055538844
"54",0.489,NA,0.424926216384804
"55",0.489,NA,0.528636444814501
"56",0.099,NA,0.0741284108856448
"57",0.103,NA,0.104610577876392
"58",0.003,NA,0.0352956393152311
"59",0.053,NA,0.062190003462748
"60",0.004,NA,0.042711738969382
"61",0.974,NA,0.89860822198259
"62",0.093,NA,0.104610577876392
"63",0.061,NA,0.143143523659279
"64",0.142,NA,0.380392026690902
"65",0.137,NA,0.167629861468165
"66",0.024,NA,0.0235963921429023
"67",0.14,NA,0.143143523659279
"68",0.351,NA,0.062190003462748
"69",0.028,NA,0.00293388097445924
"70",0.002,NA,0.000995587375361429
"71",0.007,NA,0.0235963921429023
"72",0.427,NA,0.89860822198259
"73",0.003,NA,0.0124506515852041
"74",0.027,NA,0.0124506515852041
"75",0.001,NA,0.000225266396098323
"76",0.068,NA,0.122762815314633
"77",0.002,NA,0.0061554466603374
"78",0.001,NA,0.000414535182163278
"79",0.001,NA,0.00293388097445924
"80",0.126,NA,0.0153884656148784
"81",0.018,NA,0.0190159276889535
"82",0.002,NA,0.00173489159612916
"83",0.031,NA,0.08829099122278
"84",0.142,NA,0.122762815314633
"85",0.689,NA,0.850394930068128
"86",0.002,NA,0.000565698421827632
"87",0.011,NA,0.00781590304643887
"88",0.548,NA,0.255943650553973
"89",0.13,NA,0.08829099122278
"90",0.488,NA,0.584470467364235
"91",0.104,NA,0.0124506515852041
"92",0.001,NA,0.000304022930789682
"93",0.032,NA,0.104610577876392
"94",0.003,NA,0.0061554466603374
"95",0.003,NA,0.00226209984200354
"96",0.037,NA,0.00781590304643887
"97",0.005,NA,0.00226209984200354
"98",0.002,NA,0.00173489159612916
"99",0.33,NA,0.104610577876392
"100",0.01,NA,0.062190003462748
"101",0.002,NA,0.00379192325370625
"102",0.006,NA,0.0290800845283452
"103",0.002,NA,0.000565698421827632
"104",0.084,NA,0.08829099122278
"105",0.035,NA,0.122762815314633
"106",0.02,NA,0.08829099122278
"107",0.013,NA,0.00781590304643887
"108",0.203,NA,0.293378998554977
"109",0.008,NA,0.00486178055538844
"110",0.812,NA,0.528636444814501
"111",0.001,NA,1.25676477469305e-06
"112",0.018,NA,0.0235963921429023
"113",0.122,NA,0.143143523659279
"114",0.206,NA,0.335700352632256
"115",0.011,NA,0.00991306014786442
"116",0.002,NA,0.00173489159612916
"117",0.004,NA,0.00293388097445924
"118",0.22,NA,0.424926216384804
"119",0.696,NA,0.474334165551545
"120",0.028,NA,0.0235963921429023
"121",0.002,NA,0.00293388097445924
"122",0.019,NA,0.00991306014786442
"123",0.319,NA,0.335700352632256
"124",0.101,NA,0.143143523659279
"125",0.003,NA,0.042711738969382
"126",0.454,NA,0.584470467364235
"127",0.017,NA,0.00781590304643887
"128",0.784,NA,0.528636444814501
"129",0.065,NA,0.167629861468165
"130",0.159,NA,0.225355709764238
"131",0.016,NA,0.122762815314633
"132",0.005,NA,0.0124506515852041
"133",0.007,NA,0.0190159276889535
"134",0.011,NA,0.0290800845283452
"135",0.332,NA,0.424926216384804
"136",0.038,NA,0.0153884656148784
"137",0.082,NA,0.104610577876392
"138",0.001,NA,0.000565698421827632
"139",0.033,NA,0.0190159276889535
"140",0.593,NA,0.959703183178312
"141",0.257,NA,0.293378998554977
"142",0.008,NA,0.00991306014786442
"143",0.026,NA,0.042711738969382
"144",0.001,NA,5.87538133700605e-08
"145",0.69,NA,0.935581912854196
"146",0.058,NA,0.225355709764238
"147",0.001,NA,4.31213369015415e-05
"148",0.004,NA,0.0061554466603374
"149",0.001,NA,3.0099578535947e-05
"150",0.124,NA,0.104610577876392
"151",0.415,NA,0.474334165551545
"152",0.001,NA,9.87712549738173e-06
"153",0.01,NA,0.042711738969382
"154",0.063,NA,0.195517517300654
"155",0.019,NA,0.0290800845283452
"156",0.052,NA,0.0741284108856448
"157",0.267,NA,0.255943650553973
"158",0.015,NA,0.0741284108856448
"159",0.062,NA,0.293378998554977
"160",0.038,NA,0.0515981549514742
"161",0.718,NA,0.584470467364235
"162",0.006,NA,0.00226209984200354
"163",0.002,NA,0.00486178055538844
"164",0.001,NA,8.3767285239511e-05
"165",0.097,NA,0.0741284108856448
"166",0.056,NA,0.225355709764238
"167",0.156,NA,0.225355709764238
"168",0.074,NA,0.225355709764238
"169",0.013,NA,0.00293388097445924
"170",0.16,NA,0.122762815314633
"171",0.011,NA,0.0153884656148784
"172",0.003,NA,0.0190159276889535
"173",0.107,NA,0.195517517300654
"174",0.019,NA,0.00781590304643887
"175",0.131,NA,0.195517517300654
"176",0.001,NA,9.87712549738173e-06
"177",0.002,NA,0.0153884656148784
"178",0.128,NA,0.335700352632256
"179",0.041,NA,0.225355709764238
"180",0.013,NA,0.0352956393152311
"181",0.04,NA,0.0290800845283452
"182",0.235,NA,0.255943650553973
"183",0.742,NA,0.75312400165754
"184",0.212,NA,0.293378998554977
"185",0.014,NA,0.00991306014786442
"186",0.005,NA,0.0061554466603374
"187",0.008,NA,0.0235963921429023
"188",0.001,NA,0.000118525403126402
"189",0.015,NA,0.0290800845283452
"190",0.049,NA,0.0235963921429023
"191",0.026,NA,0.00991306014786442
"192",0.001,NA,8.3767285239511e-05
"193",0.174,NA,0.143143523659279
"194",0.011,NA,0.00131525699734414
"195",0.863,NA,0.639157512301366
"196",0.515,NA,0.528636444814501
"197",0.291,NA,0.335700352632256
"198",0.012,NA,0.042711738969382
"199",0.629,NA,0.850394930068128
"200",0.007,NA,0.00293388097445924
"201",0.001,NA,0.000995587375361429
"202",0.132,NA,0.0290800845283452
"203",0.023,NA,0.104610577876392
"204",0.142,NA,0.122762815314633
"205",0.055,NA,0.042711738969382
"206",0.003,NA,0.0235963921429023
"207",0.004,NA,0.00991306014786442
"208",0.215,NA,0.335700352632256
"209",0.003,NA,0.000754051894885976
"210",0.058,NA,0.062190003462748
"211",0.016,NA,0.062190003462748
"212",0.002,NA,0.0290800845283452
"213",0.033,NA,0.08829099122278
"214",0.004,NA,0.0124506515852041
"215",0.018,NA,0.0124506515852041
"216",0.964,NA,0.850394930068128
"217",0.026,NA,0.0124506515852041
"218",0.892,NA,0.89860822198259
"219",0.098,NA,0.042711738969382
"220",0.062,NA,0.062190003462748
"221",0.192,NA,0.380392026690902
"222",0.064,NA,0.0235963921429023
"223",0.005,NA,0.0290800845283452
"224",0.024,NA,0.062190003462748
"225",0.118,NA,0.0352956393152311
"226",0.764,NA,0.699591898907392
"227",0.011,NA,0.0290800845283452
"228",0.013,NA,0.08829099122278
"229",0.02,NA,0.0235963921429023
"230",0.039,NA,0.143143523659279
"231",0.001,NA,0.000165925744671003
"232",0.014,NA,0.08829099122278
"233",0.023,NA,0.0235963921429023
"234",0.025,NA,0.0290800845283452
"235",0.005,NA,0.00379192325370625
"236",0.028,NA,0.0235963921429023
"237",0.583,NA,0.699591898907392
"238",0.007,NA,0.0235963921429023
"239",0.049,NA,0.122762815314633
"240",0.092,NA,0.0352956393152311
"241",0.001,NA,3.0099578535947e-05
"242",0.02,NA,0.00781590304643887
"243",0.33,NA,0.293378998554977
"244",0.007,NA,0.0290800845283452
"245",0.115,NA,0.255943650553973
"246",0.164,NA,0.0352956393152311
"247",0.007,NA,0.0290800845283452
"248",0.008,NA,0.0352956393152311
"249",0.042,NA,0.062190003462748
"250",0.001,NA,0.000754051894885976
"251",0.001,NA,0.000225266396098323
"252",0.007,NA,0.0235963921429023
"253",0.001,NA,0.00173489159612916
"254",0.189,NA,0.195517517300654
"255",0.024,NA,0.167629861468165
"256",0.014,NA,0.042711738969382
"257",0.363,NA,0.380392026690902
"258",0.044,NA,0.08829099122278
"259",0.047,NA,0.042711738969382
"260",0.087,NA,0.122762815314633
"261",0.019,NA,0.0235963921429023
"262",0.009,NA,0.0515981549514742
"263",0.001,NA,0.00226209984200354
"264",0.049,NA,0.143143523659279
"265",0.001,NA,3.0099578535947e-05
"266",0.022,NA,0.08829099122278
"267",0.037,NA,0.143143523659279
"268",0.021,NA,0.0290800845283452
"269",0.131,NA,0.255943650553973
"270",0.221,NA,0.293378998554977
"271",0.049,NA,0.0190159276889535
"272",0.013,NA,0.00781590304643887
"273",0.005,NA,0.0190159276889535
"274",0.207,NA,0.335700352632256
"275",0.019,NA,0.0290800845283452
"276",0.001,NA,9.87712549738173e-06
"277",0.096,NA,0.062190003462748
"278",0.007,NA,0.00486178055538844
"279",0.026,NA,0.0515981549514742
"280",0.025,NA,0.062190003462748
"281",0.391,NA,0.850394930068128
"282",0.01,NA,0.0124506515852041
"283",0.011,NA,0.0290800845283452
"284",0.115,NA,0.122762815314633
"285",0.01,NA,0.0124506515852041
"286",0.055,NA,0.0290800845283452
"287",0.036,NA,0.042711738969382
"288",0.012,NA,0.00379192325370625
"289",0.001,NA,0.00293388097445924
"290",0.002,NA,0.00486178055538844
"291",0.746,NA,0.75312400165754
"292",0.05,NA,0.225355709764238
"293",0.004,NA,0.00379192325370625
"294",0.003,NA,0.00293388097445924
"295",0.005,NA,0.00486178055538844
"296",0.001,NA,0.000754051894885976
"297",0.003,NA,0.00486178055538844
"298",0.002,NA,0.00293388097445924
"299",0.028,NA,0.0515981549514742
"300",0.123,NA,0.195517517300654
"301",0.001,NA,4.31213369015415e-05
"302",0.007,NA,0.0290800845283452
"303",0.297,NA,0.380392026690902
"304",0.468,NA,0.584470467364235
"305",0.106,NA,0.104610577876392
"306",0.085,NA,0.0190159276889535
"307",0.232,NA,0.255943650553973
"308",0.006,NA,0.0061554466603374
"309",0.476,NA,0.850394930068128
"310",0.149,NA,0.167629861468165
"311",0.157,NA,0.0515981549514742
"312",0.005,NA,0.0124506515852041
"313",0.001,NA,0.00173489159612916
"314",0.01,NA,0.0515981549514742
"315",0.008,NA,0.0153884656148784
"316",0.003,NA,0.000304022930789682
"317",0.02,NA,0.0290800845283452
"318",0.139,NA,0.225355709764238
"319",0.169,NA,0.104610577876392
"320",0.137,NA,0.143143523659279
"321",0.253,NA,0.062190003462748
"322",0.016,NA,0.00991306014786442
"323",0.004,NA,0.0061554466603374
"324",0.022,NA,0.0741284108856448
"325",0.001,NA,0.00486178055538844
"326",0.009,NA,0.00991306014786442
"327",0.001,NA,0.000754051894885976
"328",0.509,NA,0.639157512301366
"329",0.125,NA,0.167629861468165
"330",0.231,NA,0.167629861468165
"331",0.101,NA,0.08829099122278
"332",0.001,NA,0.000754051894885976
"333",0.087,NA,0.225355709764238
"334",0.39,NA,0.293378998554977
"335",0.261,NA,0.195517517300654
"336",0.013,NA,0.0190159276889535
"337",0.455,NA,0.424926216384804
"338",0.288,NA,0.195517517300654
"339",0.003,NA,0.042711738969382
"340",0.17,NA,0.122762815314633
"341",0.076,NA,0.0235963921429023
"342",0.344,NA,0.584470467364235
"343",0.016,NA,0.0290800845283452
"344",0.46,NA,0.167629861468165
"345",0.007,NA,0.0124506515852041
"346",0.003,NA,0.00173489159612916
"347",0.232,NA,0.195517517300654
"348",0.538,NA,0.75312400165754
"349",0.013,NA,0.042711738969382
"350",0.016,NA,0.0124506515852041
"351",0.011,NA,0.00486178055538844
"352",0.218,NA,0.122762815314633
"353",0.007,NA,0.0190159276889535
"354",0.009,NA,0.00991306014786442
"355",0.004,NA,0.0153884656148784
"356",0.215,NA,0.380392026690902
"357",0.022,NA,0.08829099122278
"358",0.692,NA,0.380392026690902
"359",0.031,NA,0.042711738969382
"360",0.581,NA,0.75312400165754
"361",0.609,NA,0.75312400165754
"362",0.506,NA,0.225355709764238
"363",0.251,NA,0.143143523659279
"364",0.002,NA,0.000225266396098323
"365",0.005,NA,0.00781590304643887
"366",0.002,NA,0.000995587375361429
"367",0.001,NA,0.000754051894885976
"368",0.004,NA,0.0190159276889535
"369",0.002,NA,0.00131525699734414
"370",0.001,NA,8.3767285239511e-05
"371",0.008,NA,0.0124506515852041
"372",0.056,NA,0.122762815314633
"373",0.004,NA,0.00486178055538844
"374",0.057,NA,0.255943650553973
"375",0.007,NA,0.0290800845283452
"376",0.238,NA,0.380392026690902
"377",0.211,NA,0.584470467364235
"378",0.022,NA,0.0515981549514742
"379",0.015,NA,0.00781590304643887
"380",0.114,NA,0.0515981549514742
"381",0.039,NA,0.0352956393152311
"382",0.054,NA,0.122762815314633
"383",0.001,NA,0.000995587375361429
"384",0.036,NA,0.104610577876392
"385",0.02,NA,0.0741284108856448
"386",0.012,NA,0.0235963921429023
"387",0.511,NA,0.380392026690902
"388",0.01,NA,0.0290800845283452
"389",0.005,NA,0.0153884656148784
"390",0.019,NA,0.0352956393152311
"391",0.624,NA,0.225355709764238
"392",0.004,NA,0.000995587375361429
"393",0.026,NA,0.0352956393152311
"394",0.681,NA,0.584470467364235
"395",0.094,NA,0.08829099122278
"396",0.002,NA,0.00486178055538844
"397",0.024,NA,0.0741284108856448
"398",0.027,NA,0.00781590304643887
"399",0.101,NA,0.122762815314633
"400",0.019,NA,0.042711738969382
"401",0.006,NA,0.0061554466603374
"402",0.653,NA,0.850394930068128
"403",0.001,NA,1.43355342960838e-05
"404",0.007,NA,0.0290800845283452
"405",0.818,NA,0.850394930068128
"406",0.303,NA,0.104610577876392
"407",0.417,NA,0.380392026690902
"408",0.164,NA,0.424926216384804
"409",0.669,NA,0.850394930068128
"410",0.018,NA,0.042711738969382
"411",0.231,NA,0.167629861468165
"412",0.321,NA,0.639157512301366
"413",0.004,NA,0.0124506515852041
"414",0.006,NA,0.0124506515852041
"415",0.009,NA,0.00781590304643887
"416",0.004,NA,0.00781590304643887
"417",0.196,NA,0.225355709764238
"418",0.034,NA,0.143143523659279
"419",0.014,NA,0.0061554466603374
"420",0.001,NA,0.00991306014786442
"421",0.01,NA,0.0352956393152311
"422",0.003,NA,0.00131525699734414
"423",0.087,NA,0.293378998554977
"424",0.248,NA,0.167629861468165
"425",0.146,NA,0.143143523659279
"426",0.053,NA,0.0741284108856448
"427",0.45,NA,0.528636444814501
"428",0.004,NA,0.0153884656148784
"429",0.123,NA,0.424926216384804
"430",0.002,NA,0.000754051894885976
"431",0.281,NA,0.225355709764238
"432",0.056,NA,0.08829099122278
"433",0.007,NA,0.0124506515852041
"434",0.001,NA,0.000165925744671003
"435",0.004,NA,0.0153884656148784
"436",0.03,NA,0.0235963921429023
"437",0.004,NA,0.00379192325370625
"438",0.251,NA,0.699591898907392
"439",0.021,NA,0.0741284108856448
"440",0.066,NA,0.293378998554977
"441",0.402,NA,0.528636444814501
"442",0.065,NA,0.062190003462748
"443",0.002,NA,0.000754051894885976
"444",0.035,NA,0.042711738969382
"445",0.002,NA,8.3767285239511e-05
"446",0.047,NA,0.0190159276889535
"447",0.02,NA,0.104610577876392
"448",0.037,NA,0.0235963921429023
"449",0.55,NA,0.474334165551545
"450",0.212,NA,0.122762815314633
"451",0.239,NA,0.474334165551545
"452",0.001,NA,2.07652221577703e-05
"453",0.129,NA,0.225355709764238
"454",0.003,NA,0.00173489159612916
"455",0.527,NA,0.335700352632256
"456",0.075,NA,0.167629861468165
"457",0.129,NA,0.122762815314633
"458",0.002,NA,0.00173489159612916
"459",0.001,NA,0.000565698421827632
"460",0.004,NA,0.00131525699734414
"461",0.293,NA,0.225355709764238
"462",0.065,NA,0.0352956393152311
"463",0.082,NA,0.104610577876392
"464",0.01,NA,0.0153884656148784
"465",0.039,NA,0.0515981549514742
"466",0.461,NA,0.639157512301366
"467",0.175,NA,0.293378998554977
"468",0.246,NA,0.424926216384804
"469",0.11,NA,0.143143523659279
"470",0.026,NA,0.042711738969382
"471",0.55,NA,0.584470467364235
"472",0.013,NA,0.062190003462748
"473",0.001,NA,0.000118525403126402
"474",0.001,NA,0.000304022930789682
"475",0.015,NA,0.062190003462748
"476",0.198,NA,0.167629861468165
"477",0.258,NA,0.0515981549514742
"478",0.098,NA,0.143143523659279
"479",0.836,NA,0.804038612874548
"480",0.071,NA,0.062190003462748
"481",0.001,NA,4.49197988261485e-06
"482",0.013,NA,0.0352956393152311
"483",0.018,NA,0.0153884656148784
"484",0.018,NA,0.00991306014786442
"485",0.069,NA,0.122762815314633
"486",0.004,NA,0.00486178055538844
"487",0.134,NA,0.293378998554977
"488",0.097,NA,0.062190003462748
"489",0.045,NA,0.143143523659279
"490",0.002,NA,0.0061554466603374
"491",0.728,NA,0.474334165551545
"492",0.1,NA,0.042711738969382
"493",0.026,NA,0.0190159276889535
"494",0.02,NA,0.0061554466603374
"495",0.196,NA,0.122762815314633
"496",0.05,NA,0.104610577876392
"497",0.379,NA,0.335700352632256
"498",0.431,NA,0.380392026690902
"499",0.004,NA,0.00173489159612916
"500",0.004,NA,0.00173489159612916
"501",0.007,NA,0.00781590304643887
"502",0.049,NA,0.0515981549514742
"503",0.033,NA,0.104610577876392
"504",0.006,NA,0.0061554466603374
"505",0.124,NA,0.225355709764238
"506",0.065,NA,0.167629861468165
"507",0.049,NA,0.195517517300654
"508",0.022,NA,0.0290800845283452
"509",0.006,NA,0.0061554466603374
"510",0.183,NA,0.0741284108856448
"511",0.925,NA,0.474334165551545
"512",0.007,NA,0.0515981549514742
"513",0.012,NA,0.0190159276889535
"514",0.12,NA,0.104610577876392
"515",0.003,NA,0.0061554466603374
"516",0.287,NA,0.584470467364235
"517",0.082,NA,0.122762815314633
"518",0.197,NA,0.335700352632256
"519",0.135,NA,0.122762815314633
"520",0.001,NA,0.000414535182163278
"521",0.695,NA,0.935581912854196
"522",0.001,NA,0.00173489159612916
"523",0.002,NA,0.00991306014786442
"524",0.44,NA,0.335700352632256
"525",0.156,NA,0.167629861468165
"526",0.005,NA,0.0124506515852041
"527",0.322,NA,0.474334165551545
"528",0.017,NA,0.0190159276889535
"529",0.008,NA,0.00781590304643887
"530",0.006,NA,0.0290800845283452
"531",0.307,NA,0.584470467364235
"532",0.246,NA,0.08829099122278
"533",0.025,NA,0.08829099122278
"534",0.001,NA,0.00226209984200354
"535",0.172,NA,0.225355709764238
"536",0.009,NA,0.0190159276889535
"537",0.01,NA,0.0235963921429023
"538",0.3,NA,0.335700352632256
"539",0.002,NA,0.00486178055538844
"540",0.003,NA,0.00379192325370625
"541",0.266,NA,0.424926216384804
"542",0.043,NA,0.122762815314633
"543",0.077,NA,0.122762815314633
"544",0.012,NA,0.00293388097445924
"545",0.126,NA,0.122762815314633
"546",0.019,NA,0.0290800845283452
"547",0.019,NA,0.062190003462748
"548",0.008,NA,0.0235963921429023
"549",0.254,NA,0.474334165551545
"550",0.598,NA,0.804038612874548
"551",0.008,NA,0.0515981549514742
"552",0.068,NA,0.0741284108856448
"553",0.022,NA,0.042711738969382
"554",0.317,NA,0.639157512301366
"555",0.16,NA,0.143143523659279
"556",0.129,NA,0.143143523659279
"557",0.844,NA,0.959703183178312
"558",0.064,NA,0.0290800845283452
"559",0.975,NA,0.959703183178312
"560",0.003,NA,0.00293388097445924
"561",0.013,NA,0.00486178055538844
"562",0.001,NA,0.00379192325370625
"563",0.044,NA,0.0741284108856448
"564",0.085,NA,0.0515981549514742
"565",0.101,NA,0.143143523659279
"566",0.001,NA,0.000754051894885976
"567",0.006,NA,0.00781590304643887
"568",0.154,NA,0.424926216384804
"569",0.011,NA,0.0153884656148784
"570",0.129,NA,0.104610577876392
"571",0.092,NA,0.122762815314633
"572",0.045,NA,0.0153884656148784
"573",0.437,NA,0.528636444814501
"574",0.101,NA,0.143143523659279
"575",0.068,NA,0.0741284108856448
"576",0.176,NA,0.143143523659279
"577",0.009,NA,0.00293388097445924
"578",0.616,NA,0.639157512301366
"579",0.007,NA,0.0153884656148784
"580",0.006,NA,0.00781590304643887
"581",0.597,NA,0.474334165551545
"582",0.037,NA,0.0290800845283452
"583",0.002,NA,0.00131525699734414
"584",0.407,NA,0.474334165551545
"585",0.418,NA,0.380392026690902
"586",0.003,NA,0.00131525699734414
"587",0.023,NA,0.0352956393152311
"588",0.022,NA,0.0153884656148784
"589",0.001,NA,0.000754051894885976
"590",0.056,NA,0.143143523659279
"591",0.217,NA,0.195517517300654
"592",0.531,NA,0.335700352632256
"593",0.245,NA,0.062190003462748
"594",0.001,NA,6.63633287523169e-06
"595",0.096,NA,0.0515981549514742
"596",0.012,NA,0.00486178055538844
"597",0.02,NA,0.0741284108856448
"598",0.588,NA,0.584470467364235
"599",0.002,NA,0.000754051894885976
"600",0.105,NA,0.0235963921429023
"601",0.205,NA,0.143143523659279
"602",0.002,NA,0.00131525699734414
"603",0.007,NA,0.0124506515852041
"604",0.001,NA,0.00226209984200354
"605",0.018,NA,0.0352956393152311
"606",0.022,NA,0.0515981549514742
"607",0.149,NA,0.167629861468165
"608",0.047,NA,0.143143523659279
"609",0.008,NA,0.062190003462748
"610",0.137,NA,0.062190003462748
"611",0.091,NA,0.195517517300654
"612",0.249,NA,0.380392026690902
"613",0.063,NA,0.08829099122278
"614",0.144,NA,0.143143523659279
"615",0.006,NA,0.0741284108856448
"616",0.061,NA,0.042711738969382
"617",0.354,NA,0.335700352632256
"618",0.599,NA,0.424926216384804
"619",0.117,NA,0.122762815314633
"620",0.002,NA,0.000565698421827632
"621",0.018,NA,0.0352956393152311
"622",0.002,NA,0.00226209984200354
"623",0.138,NA,0.0153884656148784
"624",0.737,NA,0.293378998554977
"625",0.184,NA,0.225355709764238
"626",0.019,NA,0.0290800845283452
"627",0.007,NA,0.00781590304643887
"628",0.255,NA,0.528636444814501
"629",0.001,NA,0.000118525403126402
"630",0.487,NA,0.639157512301366
"631",0.412,NA,0.255943650553973
"632",0.211,NA,0.143143523659279
"633",0.453,NA,0.699591898907392
"634",0.098,NA,0.293378998554977
"635",0.001,NA,0.000165925744671003
"636",0.086,NA,0.143143523659279
"637",0.001,NA,0.00781590304643887
"638",0.002,NA,0.00486178055538844
"639",0.061,NA,0.0352956393152311
"640",0.523,NA,0.195517517300654
"641",0.169,NA,0.167629861468165
"642",0.006,NA,0.0235963921429023
"643",0.009,NA,0.0352956393152311
"644",0.053,NA,0.0741284108856448
"645",0.025,NA,0.0352956393152311
"646",0.03,NA,0.00781590304643887
"647",0.084,NA,0.167629861468165
"648",0.01,NA,0.0290800845283452
"649",0.561,NA,0.335700352632256
"650",0.727,NA,0.528636444814501
"651",0.002,NA,0.00173489159612916
"652",0.012,NA,0.0352956393152311
"653",0.007,NA,0.0061554466603374
"654",0.022,NA,0.0290800845283452
"655",0.001,NA,0.000565698421827632
"656",0.039,NA,0.062190003462748
"657",0.116,NA,0.08829099122278
"658",0.013,NA,0.0515981549514742
"659",0.3,NA,0.699591898907392
"660",0.018,NA,0.0124506515852041
"661",0.045,NA,0.042711738969382
"662",0.376,NA,0.380392026690902
"663",0.122,NA,0.293378998554977
"664",0.096,NA,0.122762815314633
"665",0.304,NA,0.474334165551545
"666",0.035,NA,0.0352956393152311
"667",0.02,NA,0.167629861468165
"668",0.004,NA,0.0190159276889535
"669",0.366,NA,0.104610577876392
"670",0.043,NA,0.0235963921429023
"671",0.003,NA,0.0124506515852041
"672",0.011,NA,0.00991306014786442
"673",0.221,NA,0.08829099122278
"674",0.454,NA,0.225355709764238
"675",0.001,NA,4.31213369015415e-05
"676",0.01,NA,0.00486178055538844
"677",0.04,NA,0.104610577876392
"678",0.012,NA,0.0124506515852041
"679",0.003,NA,0.0124506515852041
"680",0.003,NA,0.00486178055538844
"681",0.001,NA,0.00293388097445924
"682",0.066,NA,0.104610577876392
"683",0.504,NA,0.474334165551545
"684",0.126,NA,0.474334165551545
"685",0.066,NA,0.08829099122278
"686",0.026,NA,0.0515981549514742
"687",0.05,NA,0.0235963921429023
"688",0.001,NA,0.000225266396098323
"689",0.015,NA,0.0515981549514742
"690",0.003,NA,0.00173489159612916
"691",0.146,NA,0.143143523659279
"692",0.01,NA,0.0235963921429023
"693",0.018,NA,0.0153884656148784
"694",0.004,NA,0.00226209984200354
"695",0.001,NA,0.000995587375361429
"696",0.484,NA,0.804038612874548
"697",0.342,NA,0.528636444814501
"698",0.051,NA,0.0515981549514742
"699",0.242,NA,0.143143523659279
"700",0.121,NA,0.143143523659279
"701",0.001,NA,0.000754051894885976
"702",0.014,NA,0.0190159276889535
"703",0.002,NA,0.00131525699734414
"704",0.33,NA,0.699591898907392
"705",0.617,NA,0.850394930068128
"706",0.016,NA,0.00131525699734414
"707",0.018,NA,0.0124506515852041
"708",0.004,NA,0.00293388097445924
"709",0.002,NA,0.00379192325370625
"710",0.001,NA,0.000304022930789682
"711",0.006,NA,0.00226209984200354
"712",0.001,NA,0.00379192325370625
"713",0.007,NA,0.0235963921429023
"714",0.429,NA,0.424926216384804
"715",0.008,NA,0.000565698421827632
"716",0.643,NA,0.89860822198259
"717",0.141,NA,0.293378998554977
"718",0.066,NA,0.104610577876392
"719",0.196,NA,0.08829099122278
"720",0.001,NA,3.0099578535947e-05
"721",0.296,NA,0.255943650553973
"722",0.034,NA,0.062190003462748
"723",0.053,NA,0.0235963921429023
"724",0.007,NA,0.062190003462748
"725",0.008,NA,0.0190159276889535
"726",0.001,NA,0.000754051894885976
"727",0.013,NA,0.0061554466603374
"728",0.001,NA,3.0099578535947e-05
"729",0.225,NA,0.225355709764238
"730",0.001,NA,0.00293388097445924
"731",0.017,NA,0.0190159276889535
"732",0.05,NA,0.08829099122278
"733",0.027,NA,0.0290800845283452
"734",0.084,NA,0.255943650553973
"735",0.078,NA,0.293378998554977
"736",0.004,NA,0.00781590304643887
"737",0.243,NA,0.062190003462748
"738",0.008,NA,0.00173489159612916
"739",0.012,NA,0.00293388097445924
"740",0.062,NA,0.08829099122278
"741",0.1,NA,0.167629861468165
"742",0.002,NA,0.00173489159612916
"743",0.176,NA,0.424926216384804
"744",0.018,NA,0.0352956393152311
"745",0.045,NA,0.0515981549514742
"746",0.001,NA,8.3767285239511e-05
"747",0.105,NA,0.0741284108856448
"748",0.002,NA,0.00226209984200354
"749",0.103,NA,0.167629861468165
"750",0.048,NA,0.08829099122278
"751",0.008,NA,0.00379192325370625
"752",0.021,NA,0.00486178055538844
"753",0.008,NA,0.0124506515852041
"754",0.049,NA,0.104610577876392
"755",0.003,NA,0.00379192325370625
"756",0.006,NA,0.0061554466603374
"757",0.005,NA,0.0124506515852041
"758",0.401,NA,0.699591898907392
"759",0.698,NA,0.75312400165754
"760",0.022,NA,0.0124506515852041
"761",0.129,NA,0.143143523659279
"762",0.569,NA,0.335700352632256
"763",0.017,NA,0.00486178055538844
"764",0.001,NA,0.00131525699734414
"765",0.021,NA,0.062190003462748
"766",0.014,NA,0.0352956393152311
"767",0.177,NA,0.255943650553973
"768",0.368,NA,0.335700352632256
"769",0.027,NA,0.143143523659279
"770",0.028,NA,0.042711738969382
"771",0.002,NA,0.000414535182163278
"772",0.001,NA,0.000754051894885976
"773",0.004,NA,0.00379192325370625
"774",0.004,NA,0.00131525699734414
"775",0.057,NA,0.042711738969382
"776",0.019,NA,0.104610577876392
"777",0.199,NA,0.122762815314633
"778",0.681,NA,0.528636444814501
"779",0.298,NA,0.584470467364235
"780",0.043,NA,0.0153884656148784
"781",0.086,NA,0.0352956393152311
"782",0.027,NA,0.0290800845283452
"783",0.128,NA,0.255943650553973
"784",0.014,NA,0.0290800845283452
"785",0.046,NA,0.08829099122278
"786",0.014,NA,0.042711738969382
"787",0.025,NA,0.062190003462748
"788",0.013,NA,0.00991306014786442
"789",0.001,NA,0.000304022930789682
"790",0.007,NA,0.0124506515852041
"791",0.001,NA,0.000304022930789682
"792",0.293,NA,0.225355709764238
"793",0.044,NA,0.0515981549514742
"794",0.001,NA,0.0061554466603374
"795",0.053,NA,0.104610577876392
"796",0.19,NA,0.122762815314633
"797",0.028,NA,0.062190003462748
"798",0.003,NA,0.00226209984200354
"799",0.01,NA,0.042711738969382
"800",0.001,NA,0.0124506515852041
"801",0.056,NA,0.0352956393152311
"802",0.257,NA,0.335700352632256
"803",0.053,NA,0.0352956393152311
"804",0.276,NA,0.528636444814501
"805",0.101,NA,0.042711738969382
"806",0.001,NA,0.000225266396098323
"807",0.543,NA,0.75312400165754
"808",0.036,NA,0.00486178055538844
"809",0.013,NA,0.00173489159612916
"810",0.361,NA,0.335700352632256
"811",0.071,NA,0.08829099122278
"812",0.099,NA,0.0290800845283452
"813",0.022,NA,0.0153884656148784
"814",0.003,NA,0.00131525699734414
"815",0.012,NA,0.08829099122278
"816",0.002,NA,0.00781590304643887
"817",0.05,NA,0.0190159276889535
"818",0.107,NA,0.167629861468165
"819",0.082,NA,0.08829099122278
"820",0.044,NA,0.042711738969382
"821",0.068,NA,0.0515981549514742
"822",0.003,NA,0.000165925744671003
"823",0.04,NA,0.0352956393152311
"824",0.009,NA,0.00781590304643887
"825",0.049,NA,0.104610577876392
"826",0.006,NA,0.00781590304643887
"827",0.551,NA,0.584470467364235
"828",0.025,NA,0.0124506515852041
"829",0.752,NA,0.255943650553973
"830",0.003,NA,0.0352956393152311
"831",0.025,NA,0.0515981549514742
"832",0.001,NA,0.000304022930789682
"833",0.105,NA,0.195517517300654
"834",0.006,NA,0.0061554466603374
"835",0.017,NA,0.0235963921429023
"836",0.06,NA,0.143143523659279
"837",0.047,NA,0.167629861468165
"838",0.005,NA,0.000565698421827632
"839",0.004,NA,0.00991306014786442
"840",0.033,NA,0.0352956393152311
"841",0.05,NA,0.143143523659279
"842",0.912,NA,0.977062272097343
"843",0.016,NA,0.0290800845283452
"844",0.029,NA,0.0741284108856448
"845",0.005,NA,0.00131525699734414
"846",0.005,NA,0.00991306014786442
"847",0.082,NA,0.0515981549514742
"848",0.001,NA,0.000414535182163278
"849",0.211,NA,0.0352956393152311
"850",0.008,NA,0.0515981549514742
"851",0.011,NA,0.00293388097445924
"852",0.441,NA,0.293378998554977
"853",0.002,NA,0.00991306014786442
"854",0.086,NA,0.0352956393152311
"855",0.006,NA,0.0153884656148784
"856",0.035,NA,0.0515981549514742
"857",0.057,NA,0.08829099122278
"858",0.009,NA,0.042711738969382
"859",0.005,NA,0.00379192325370625
"860",0.682,NA,0.474334165551545
"861",0.023,NA,0.0515981549514742
"862",0.438,NA,0.699591898907392
"863",0.001,NA,0.00226209984200354
"864",0.007,NA,0.0190159276889535
"865",0.266,NA,0.195517517300654
"866",0.205,NA,0.424926216384804
"867",0.164,NA,0.293378998554977
"868",0.692,NA,0.699591898907392
"869",0.001,NA,0.000165925744671003
"870",0.032,NA,0.0235963921429023
"871",0.02,NA,0.042711738969382
"872",0.048,NA,0.0153884656148784
"873",0.211,NA,0.335700352632256
"874",0.687,NA,0.996938367765726
"875",0.023,NA,0.08829099122278
"876",0.03,NA,0.0290800845283452
"877",0.051,NA,0.042711738969382
"878",0.067,NA,0.195517517300654
"879",0.001,NA,0.000304022930789682
"880",0.276,NA,0.335700352632256
"881",0.337,NA,0.699591898907392
"882",0.027,NA,0.062190003462748
"883",0.113,NA,0.167629861468165
"884",0.001,NA,0.000754051894885976
"885",0.143,NA,0.335700352632256
"886",0.003,NA,0.0061554466603374
"887",0.022,NA,0.0290800845283452
"888",0.271,NA,0.225355709764238
"889",0.007,NA,0.062190003462748
"890",0.676,NA,0.584470467364235
"891",0.001,NA,0.000995587375361429
"892",0.002,NA,0.0061554466603374
"893",0.001,NA,0.000414535182163278
"894",0.001,NA,0.000414535182163278
"895",0.053,NA,0.122762815314633
"896",0.007,NA,0.08829099122278
"897",0.004,NA,0.000995587375361429
"898",0.12,NA,0.122762815314633
"899",0.692,NA,0.584470467364235
"900",0.034,NA,0.0515981549514742
"901",0.007,NA,0.0352956393152311
"902",0.011,NA,0.0190159276889535
"903",0.013,NA,0.0290800845283452
"904",0.618,NA,0.474334165551545
"905",0.024,NA,0.00486178055538844
"906",0.241,NA,0.528636444814501
"907",0.021,NA,0.0124506515852041
"908",0.005,NA,0.0124506515852041
"909",0.074,NA,0.0515981549514742
"910",0.182,NA,0.122762815314633
"911",0.001,NA,0.00226209984200354
"912",0.026,NA,0.104610577876392
"913",0.019,NA,0.0124506515852041
"914",0.004,NA,0.00486178055538844
"915",0.02,NA,0.0515981549514742
"916",0.016,NA,0.00991306014786442
"917",0.299,NA,0.335700352632256
"918",0.482,NA,0.293378998554977
"919",0.007,NA,0.00781590304643887
"920",0.048,NA,0.0190159276889535
"921",0.11,NA,0.195517517300654
"922",0.019,NA,0.0515981549514742
"923",0.911,NA,0.996938367765726
"924",0.096,NA,0.143143523659279
"925",0.064,NA,0.167629861468165
"926",0.033,NA,0.0290800845283452
"927",0.177,NA,0.699591898907392
"928",0.372,NA,0.528636444814501
"929",0.003,NA,0.0124506515852041
"930",0.001,NA,0.000414535182163278
"931",0.614,NA,0.255943650553973
"932",0.324,NA,0.639157512301366
"933",0.001,NA,0.000304022930789682
"934",0.002,NA,0.00173489159612916
"935",0.057,NA,0.167629861468165
"936",0.008,NA,0.0235963921429023
"937",0.271,NA,0.804038612874548
"938",0.002,NA,0.000118525403126402
"939",0.043,NA,0.08829099122278
"940",0.009,NA,0.000995587375361429
"941",0.002,NA,0.00991306014786442
"942",0.137,NA,0.0515981549514742
"943",0.209,NA,0.225355709764238
"944",0.001,NA,0.000754051894885976
"945",0.496,NA,0.75312400165754
"946",0.047,NA,0.08829099122278
"947",0.057,NA,0.062190003462748
"948",0.755,NA,0.528636444814501
"949",0.197,NA,0.804038612874548
"950",0.001,NA,0.000304022930789682
"951",0.09,NA,0.122762815314633
"952",0.006,NA,0.0352956393152311
"953",0.006,NA,0.062190003462748
"954",0.607,NA,0.75312400165754
"955",0.354,NA,0.584470467364235
"956",0.151,NA,0.0515981549514742
"957",0.387,NA,0.528636444814501
"958",0.843,NA,0.89860822198259
"959",0.048,NA,0.0515981549514742
"960",0.002,NA,0.00173489159612916
"961",0.001,NA,0.000414535182163278
"962",0.002,NA,0.00131525699734414
"963",0.583,NA,0.474334165551545
"964",0.495,NA,0.528636444814501
"965",0.011,NA,0.042711738969382
"966",0.002,NA,0.00379192325370625
"967",0.636,NA,0.804038612874548
"968",0.02,NA,0.00781590304643887
"969",0.092,NA,0.380392026690902
"970",0.639,NA,0.75312400165754
"971",0.148,NA,0.474334165551545
"972",0.254,NA,0.293378998554977
"973",0.004,NA,0.00226209984200354
"974",0.758,NA,0.584470467364235
"975",0.049,NA,0.122762815314633
"976",0.198,NA,0.0515981549514742
"977",0.205,NA,0.195517517300654
"978",0.351,NA,0.062190003462748
"979",0.024,NA,0.042711738969382
"980",0.019,NA,0.062190003462748
"981",0.001,NA,0.00173489159612916
"982",0.04,NA,0.143143523659279
"983",0.683,NA,0.89860822198259
"984",0.105,NA,0.062190003462748
"985",0.01,NA,0.042711738969382
"986",0.17,NA,0.255943650553973
"987",0.003,NA,0.000414535182163278
"988",0.07,NA,0.042711738969382
"989",0.006,NA,0.00781590304643887
"990",0.02,NA,0.0290800845283452
"991",0.998,NA,0.996938367765726
"992",0.046,NA,0.062190003462748
"993",0.001,NA,0.000304022930789682
"994",0.093,NA,0.042711738969382
"995",0.099,NA,0.143143523659279
"996",0.005,NA,0.00293388097445924
"997",0.322,NA,0.195517517300654
"998",0.003,NA,0.000414535182163278
"999",0.55,NA,0.380392026690902
"1000",0.307,NA,0.293378998554977
