"logcon","smooth","K.S"
"1",0.001,NA,2.08939113122142e-07
"2",0.001,NA,1.43355342960838e-05
"3",0.001,NA,8.95304619330517e-09
"4",0.001,NA,3.06603408173345e-06
"5",0.001,NA,5.6327531794409e-07
"6",0.001,NA,3.0099578535947e-05
"7",0.001,NA,6.00175156008076e-05
"8",0.001,NA,5.87538133700605e-08
"9",0.001,NA,8.31554388680544e-08
"10",0.001,NA,2.07652221577703e-05
"11",0.001,NA,5.87538133700605e-08
"12",0.001,NA,7.32900506950074e-09
"13",0.001,NA,3.0099578535947e-05
"14",0.001,NA,0.000304022930789682
"15",0.001,NA,5.87538133700605e-08
"16",0.001,NA,9.87712549738173e-06
"17",0.001,NA,2.07652221577703e-05
"18",0.001,NA,0.00131525699734414
"19",0.001,NA,3.71469395132884e-07
"20",0.001,NA,3.0099578535947e-05
"21",0.001,NA,2.07652221577703e-05
"22",0.001,NA,2.07652221577703e-05
"23",0.001,NA,4.31213369015415e-05
"24",0.001,NA,3.17243209480012e-08
"25",0.001,NA,8.14700074069918e-07
"26",0.001,NA,2.07652221577703e-05
"27",0.001,NA,3.0099578535947e-05
"28",0.001,NA,3.06603408173345e-06
"29",0.001,NA,3.0099578535947e-05
"30",0.001,NA,8.31554388680544e-08
"31",0.001,NA,9.87712549738173e-06
"32",0.001,NA,4.20584944649249e-09
"33",0.001,NA,4.35979807811293e-10
"34",0.001,NA,3.0099578535947e-05
"35",0.001,NA,5.6327531794409e-07
"36",0.001,NA,3.06603408173345e-06
"37",0.001,NA,1.19547458155012e-07
"38",0.001,NA,1.19547458155012e-07
"39",0.001,NA,6.63633287523169e-06
"40",0.001,NA,4.49197988261485e-06
"41",0.001,NA,6.00175156008076e-05
"42",0.003,NA,0.00486178055538844
"43",0.001,NA,1.19547458155012e-07
"44",0.001,NA,3.71469395132884e-07
"45",0.001,NA,1.19547458155012e-07
"46",0.001,NA,9.87712549738173e-06
"47",0.001,NA,2.01829422796784e-06
"48",0.001,NA,6.00175156008076e-05
"49",0.001,NA,4.31213369015415e-05
"50",0.001,NA,4.20584944649249e-09
"51",0.001,NA,1.43355342960838e-05
"52",0.001,NA,2.08939113122142e-07
"53",0.001,NA,2.01829422796784e-06
"54",0.001,NA,0.000165925744671003
"55",0.001,NA,3.17243209480012e-08
"56",0.001,NA,3.17243209480012e-08
"57",0.003,NA,0.00293388097445924
"58",0.001,NA,6.63633287523169e-06
"59",0.001,NA,3.06603408173345e-06
"60",0.001,NA,2.08939113122142e-07
"61",0.001,NA,3.71469395132884e-07
"62",0.001,NA,1.25676477469305e-06
"63",0.001,NA,2.01829422796784e-06
"64",0.001,NA,8.14700074069918e-07
"65",0.001,NA,2.07652221577703e-05
"66",0.001,NA,8.31554388680544e-08
"67",0.001,NA,3.0099578535947e-05
"68",0.001,NA,2.08939113122142e-07
"69",0.001,NA,5.87538133700605e-08
"70",0.001,NA,1.25676477469305e-06
"71",0.001,NA,8.14700074069918e-07
"72",0.001,NA,0.000414535182163278
"73",0.001,NA,6.63633287523169e-06
"74",0.001,NA,4.49197988261485e-06
"75",0.001,NA,3.71469395132884e-07
"76",0.001,NA,4.20584944649249e-09
"77",0.001,NA,2.01829422796784e-06
"78",0.001,NA,1.19547458155012e-07
"79",0.001,NA,2.08939113122142e-07
"80",0.001,NA,4.49197988261485e-06
"81",0.001,NA,1.60258806225499e-10
"82",0.001,NA,3.71469395132884e-07
"83",0.001,NA,0.000995587375361429
"84",0.001,NA,1.3249734642784e-11
"85",0.001,NA,4.35979807811293e-10
"86",0.001,NA,1.19547458155012e-07
"87",0.001,NA,8.14700074069918e-07
"88",0.001,NA,4.49197988261485e-06
"89",0.001,NA,9.87712549738173e-06
"90",0.001,NA,2.01829422796784e-06
"91",0.001,NA,3.06603408173345e-06
"92",0.001,NA,2.08939113122142e-07
"93",0.001,NA,3.71469395132884e-07
"94",0.001,NA,3.17243209480012e-08
"95",0.001,NA,3.0099578535947e-05
"96",0.001,NA,0.000754051894885976
"97",0.001,NA,3.71469395132884e-07
"98",0.001,NA,6.00175156008076e-05
"99",0.001,NA,3.71469395132884e-07
"100",0.001,NA,4.20584944649249e-09
"101",0.001,NA,4.49197988261485e-06
"102",0.001,NA,1.43355342960838e-05
"103",0.001,NA,2.08939113122142e-07
"104",0.001,NA,8.14700074069918e-07
"105",0.001,NA,4.35979807811293e-10
"106",0.001,NA,8.31554388680544e-08
"107",0.001,NA,6.63633287523169e-06
"108",0.001,NA,7.32900506950074e-09
"109",0.001,NA,6.00175156008076e-05
"110",0.001,NA,0.000995587375361429
"111",0.001,NA,2.01829422796784e-06
"112",0.001,NA,5.6327531794409e-07
"113",0.001,NA,2.08939113122142e-07
"114",0.001,NA,5.6327531794409e-07
"115",0.001,NA,3.71469395132884e-07
"116",0.001,NA,8.14700074069918e-07
"117",0.001,NA,6.24631013579346e-10
"118",0.001,NA,1.43803966512479e-08
"119",0.001,NA,5.87538133700605e-08
"120",0.001,NA,2.07652221577703e-05
"121",0.001,NA,3.06603408173345e-06
"122",0.001,NA,3.06603408173345e-06
"123",0.001,NA,8.14700074069918e-07
"124",0.001,NA,5.87538133700605e-08
"125",0.001,NA,4.31213369015415e-05
"126",0.001,NA,3.06603408173345e-06
"127",0.001,NA,1.19547458155012e-07
"128",0.001,NA,3.0099578535947e-05
"129",0.001,NA,1.25676477469305e-06
"130",0.001,NA,1.25676477469305e-06
"131",0.001,NA,6.63633287523169e-06
"132",0.001,NA,2.08939113122142e-07
"133",0.001,NA,6.63633287523169e-06
"134",0.001,NA,0.000304022930789682
"135",0.001,NA,1.43803966512479e-08
"136",0.001,NA,3.17243209480012e-08
"137",0.001,NA,2.07652221577703e-05
"138",0.001,NA,3.17243209480012e-08
"139",0.001,NA,3.0099578535947e-05
"140",0.001,NA,6.63633287523169e-06
"141",0.001,NA,2.01829422796784e-06
"142",0.001,NA,0.000565698421827632
"143",0.001,NA,0.000414535182163278
"144",0.001,NA,4.20584944649249e-09
"145",0.001,NA,4.31213369015415e-05
"146",0.001,NA,6.00175156008076e-05
"147",0.001,NA,1.43355342960838e-05
"148",0.001,NA,0.000565698421827632
"149",0.001,NA,1.58239876757449e-09
"150",0.001,NA,3.71469395132884e-07
"151",0.001,NA,3.17243209480012e-08
"152",0.001,NA,6.00175156008076e-05
"153",0.001,NA,6.63633287523169e-06
"154",0.001,NA,6.63633287523169e-06
"155",0.001,NA,3.06603408173345e-06
"156",0.001,NA,4.35979807811293e-10
"157",0.001,NA,3.0099578535947e-05
"158",0.001,NA,1.43803966512479e-08
"159",0.001,NA,2.08939113122142e-07
"160",0.001,NA,1.25676477469305e-06
"161",0.002,NA,0.00226209984200354
"162",0.001,NA,4.20584944649249e-09
"163",0.001,NA,8.95304619330517e-09
"164",0.001,NA,5.87538133700605e-08
"165",0.001,NA,3.17243209480012e-08
"166",0.001,NA,5.6327531794409e-07
"167",0.001,NA,5.87538133700605e-08
"168",0.001,NA,4.31213369015415e-05
"169",0.001,NA,0.000414535182163278
"170",0.001,NA,3.0099578535947e-05
"171",0.001,NA,0.000565698421827632
"172",0.001,NA,3.71469395132884e-07
"173",0.001,NA,4.31213369015415e-05
"174",0.001,NA,4.49197988261485e-06
"175",0.001,NA,0.000414535182163278
"176",0.001,NA,1.25676477469305e-06
"177",0.001,NA,1.43355342960838e-05
"178",0.001,NA,0.000754051894885976
"179",0.001,NA,6.63633287523169e-06
"180",0.001,NA,8.14700074069918e-07
"181",0.001,NA,2.01829422796784e-06
"182",0.001,NA,9.87712549738173e-06
"183",0.001,NA,2.08939113122142e-07
"184",0.001,NA,2.01829422796784e-06
"185",0.001,NA,8.31554388680544e-08
"186",0.001,NA,1.58239876757449e-09
"187",0.001,NA,4.20584944649249e-09
"188",0.001,NA,8.31554388680544e-08
"189",0.001,NA,1.58239876757449e-09
"190",0.001,NA,1.43803966512479e-08
"191",0.002,NA,0.00293388097445924
"192",0.001,NA,3.06603408173345e-06
"193",0.001,NA,3.17243209480012e-08
"194",0.001,NA,5.87538133700605e-08
"195",0.001,NA,3.06603408173345e-06
"196",0.001,NA,2.01829422796784e-06
"197",0.001,NA,6.63633287523169e-06
"198",0.001,NA,8.95304619330517e-09
"199",0.001,NA,2.08939113122142e-07
"200",0.001,NA,7.32900506950074e-09
"201",0.001,NA,2.08939113122142e-07
"202",0.001,NA,3.06603408173345e-06
"203",0.001,NA,1.25676477469305e-06
"204",0.001,NA,4.20584944649249e-09
"205",0.001,NA,4.31213369015415e-05
"206",0.001,NA,3.17243209480012e-08
"207",0.001,NA,1.43803966512479e-08
"208",0.001,NA,5.6327531794409e-07
"209",0.001,NA,0.000165925744671003
"210",0.001,NA,9.87712549738173e-06
"211",0.001,NA,4.20584944649249e-09
"212",0.001,NA,3.06603408173345e-06
"213",0.001,NA,1.43803966512479e-08
"214",0.001,NA,7.32900506950074e-09
"215",0.001,NA,3.0099578535947e-05
"216",0.001,NA,0.00131525699734414
"217",0.001,NA,7.32900506950074e-09
"218",0.001,NA,2.01829422796784e-06
"219",0.001,NA,6.00175156008076e-05
"220",0.001,NA,3.0099578535947e-05
"221",0.001,NA,6.24631013579346e-10
"222",0.001,NA,1.19547458155012e-07
"223",0.001,NA,5.87538133700605e-08
"224",0.001,NA,6.63633287523169e-06
"225",0.001,NA,6.63633287523169e-06
"226",0.001,NA,8.14700074069918e-07
"227",0.001,NA,1.43355342960838e-05
"228",0.001,NA,3.0099578535947e-05
"229",0.001,NA,0.000565698421827632
"230",0.001,NA,3.17243209480012e-08
"231",0.001,NA,8.14700074069918e-07
"232",0.001,NA,2.07652221577703e-05
"233",0.001,NA,1.60258806225499e-10
"234",0.001,NA,6.63633287523169e-06
"235",0.001,NA,0.000118525403126402
"236",0.001,NA,4.49197988261485e-06
"237",0.001,NA,9.87712549738173e-06
"238",0.001,NA,1.60258806225499e-10
"239",0.001,NA,4.49197988261485e-06
"240",0.001,NA,1.43355342960838e-05
"241",0.001,NA,7.32900506950074e-09
"242",0.001,NA,9.87712549738173e-06
"243",0.001,NA,3.17243209480012e-08
"244",0.001,NA,5.87538133700605e-08
"245",0.001,NA,3.0099578535947e-05
"246",0.001,NA,6.63633287523169e-06
"247",0.001,NA,2.08939113122142e-07
"248",0.001,NA,3.71469395132884e-07
"249",0.001,NA,3.0099578535947e-05
"250",0.001,NA,1.19547458155012e-07
"251",0.001,NA,1.43803966512479e-08
"252",0.001,NA,1.43803966512479e-08
"253",0.001,NA,1.43803966512479e-08
"254",0.001,NA,8.3767285239511e-05
"255",0.001,NA,2.07652221577703e-05
"256",0.001,NA,7.32900506950074e-09
"257",0.001,NA,1.43355342960838e-05
"258",0.001,NA,2.08939113122142e-07
"259",0.001,NA,1.43355342960838e-05
"260",0.001,NA,6.63633287523169e-06
"261",0.001,NA,1.60258806225499e-10
"262",0.001,NA,3.17243209480012e-08
"263",0.001,NA,4.35979807811293e-10
"264",0.001,NA,3.0099578535947e-05
"265",0.001,NA,1.25676477469305e-06
"266",0.001,NA,3.06603408173345e-06
"267",0.001,NA,6.63633287523169e-06
"268",0.001,NA,0.000165925744671003
"269",0.001,NA,2.01829422796784e-06
"270",0.001,NA,1.19547458155012e-07
"271",0.001,NA,3.71469395132884e-07
"272",0.001,NA,0.000565698421827632
"273",0.001,NA,3.71469395132884e-07
"274",0.001,NA,4.20584944649249e-09
"275",0.001,NA,5.87538133700605e-08
"276",0.001,NA,1.43803966512479e-08
"277",0.001,NA,0.000118525403126402
"278",0.001,NA,2.08939113122142e-07
"279",0.001,NA,1.25676477469305e-06
"280",0.001,NA,8.95304619330517e-09
"281",0.001,NA,0.00131525699734414
"282",0.001,NA,8.31554388680544e-08
"283",0.001,NA,0.000565698421827632
"284",0.001,NA,2.01829422796784e-06
"285",0.001,NA,3.0099578535947e-05
"286",0.001,NA,1.25676477469305e-06
"287",0.001,NA,2.01829422796784e-06
"288",0.001,NA,0.000414535182163278
"289",0.001,NA,4.20584944649249e-09
"290",0.001,NA,2.01829422796784e-06
"291",0.001,NA,2.08939113122142e-07
"292",0.001,NA,1.58239876757449e-09
"293",0.001,NA,0.000565698421827632
"294",0.001,NA,3.71469395132884e-07
"295",0.001,NA,8.31554388680544e-08
"296",0.001,NA,4.20584944649249e-09
"297",0.001,NA,3.71469395132884e-07
"298",0.001,NA,1.43355342960838e-05
"299",0.001,NA,1.19547458155012e-07
"300",0.001,NA,1.25676477469305e-06
"301",0.001,NA,4.20584944649249e-09
"302",0.001,NA,2.08939113122142e-07
"303",0.001,NA,3.17243209480012e-08
"304",0.001,NA,4.31213369015415e-05
"305",0.001,NA,1.19547458155012e-07
"306",0.001,NA,3.17243209480012e-08
"307",0.001,NA,2.01829422796784e-06
"308",0.001,NA,3.0099578535947e-05
"309",0.001,NA,8.95304619330517e-09
"310",0.001,NA,2.01829422796784e-06
"311",0.001,NA,8.14700074069918e-07
"312",0.001,NA,3.71469395132884e-07
"313",0.001,NA,3.0099578535947e-05
"314",0.001,NA,2.08939113122142e-07
"315",0.001,NA,3.17243209480012e-08
"316",0.001,NA,5.87538133700605e-08
"317",0.001,NA,5.6327531794409e-07
"318",0.001,NA,3.0099578535947e-05
"319",0.001,NA,3.71469395132884e-07
"320",0.001,NA,6.00175156008076e-05
"321",0.001,NA,1.43355342960838e-05
"322",0.001,NA,1.43355342960838e-05
"323",0.001,NA,2.01829422796784e-06
"324",0.001,NA,1.43803966512479e-08
"325",0.001,NA,3.17243209480012e-08
"326",0.001,NA,0.000225266396098323
"327",0.001,NA,3.71469395132884e-07
"328",0.001,NA,6.63633287523169e-06
"329",0.001,NA,1.19547458155012e-07
"330",0.001,NA,5.6327531794409e-07
"331",0.001,NA,3.0099578535947e-05
"332",0.001,NA,1.43355342960838e-05
"333",0.001,NA,3.71469395132884e-07
"334",0.001,NA,5.87538133700605e-08
"335",0.001,NA,1.58239876757449e-09
"336",0.001,NA,0.000118525403126402
"337",0.001,NA,8.14700074069918e-07
"338",0.001,NA,0.000118525403126402
"339",0.001,NA,0.000754051894885976
"340",0.001,NA,1.60258806225499e-10
"341",0.001,NA,6.63633287523169e-06
"342",0.001,NA,0.000754051894885976
"343",0.001,NA,1.58239876757449e-09
"344",0.001,NA,6.63633287523169e-06
"345",0.001,NA,4.31213369015415e-05
"346",0.001,NA,8.95304619330517e-09
"347",0.001,NA,2.07652221577703e-05
"348",0.001,NA,5.6327531794409e-07
"349",0.001,NA,1.25676477469305e-06
"350",0.001,NA,2.01829422796784e-06
"351",0.001,NA,0.000225266396098323
"352",0.001,NA,1.19547458155012e-07
"353",0.001,NA,9.87712549738173e-06
"354",0.001,NA,1.43355342960838e-05
"355",0.001,NA,7.32900506950074e-09
"356",0.001,NA,4.31213369015415e-05
"357",0.001,NA,4.20584944649249e-09
"358",0.001,NA,4.49197988261485e-06
"359",0.001,NA,3.17243209480012e-08
"360",0.001,NA,3.71469395132884e-07
"361",0.001,NA,2.08939113122142e-07
"362",0.001,NA,3.17243209480012e-08
"363",0.001,NA,1.43355342960838e-05
"364",0.001,NA,3.17243209480012e-08
"365",0.001,NA,9.87712549738173e-06
"366",0.001,NA,4.49197988261485e-06
"367",0.001,NA,8.31554388680544e-08
"368",0.001,NA,6.00175156008076e-05
"369",0.001,NA,8.14700074069918e-07
"370",0.001,NA,3.17243209480012e-08
"371",0.001,NA,3.06603408173345e-06
"372",0.001,NA,3.17243209480012e-08
"373",0.001,NA,1.43355342960838e-05
"374",0.001,NA,7.32900506950074e-09
"375",0.001,NA,6.63633287523169e-06
"376",0.001,NA,8.3767285239511e-05
"377",0.001,NA,3.06603408173345e-06
"378",0.001,NA,0.00293388097445924
"379",0.001,NA,8.31554388680544e-08
"380",0.001,NA,2.08939113122142e-07
"381",0.001,NA,3.71469395132884e-07
"382",0.001,NA,3.0099578535947e-05
"383",0.001,NA,3.71469395132884e-07
"384",0.001,NA,4.49197988261485e-06
"385",0.001,NA,3.17243209480012e-08
"386",0.001,NA,3.71469395132884e-07
"387",0.001,NA,8.31554388680544e-08
"388",0.001,NA,4.49197988261485e-06
"389",0.001,NA,7.32900506950074e-09
"390",0.001,NA,4.49197988261485e-06
"391",0.001,NA,1.58239876757449e-09
"392",0.001,NA,4.31213369015415e-05
"393",0.001,NA,2.08939113122142e-07
"394",0.001,NA,0.000118525403126402
"395",0.001,NA,5.87538133700605e-08
"396",0.001,NA,0.000165925744671003
"397",0.001,NA,3.17243209480012e-08
"398",0.001,NA,6.63633287523169e-06
"399",0.001,NA,6.30828722592014e-13
"400",0.001,NA,4.35979807811293e-10
"401",0.001,NA,1.25676477469305e-06
"402",0.001,NA,1.43355342960838e-05
"403",0.001,NA,1.43355342960838e-05
"404",0.001,NA,4.49197988261485e-06
"405",0.001,NA,1.43803966512479e-08
"406",0.002,NA,0.00379192325370625
"407",0.001,NA,1.25676477469305e-06
"408",0.001,NA,1.43355342960838e-05
"409",0.001,NA,2.01829422796784e-06
"410",0.001,NA,8.3767285239511e-05
"411",0.001,NA,7.32900506950074e-09
"412",0.001,NA,8.3767285239511e-05
"413",0.001,NA,1.25676477469305e-06
"414",0.001,NA,6.24631013579346e-10
"415",0.001,NA,8.14700074069918e-07
"416",0.001,NA,4.20584944649249e-09
"417",0.001,NA,8.31554388680544e-08
"418",0.001,NA,3.71469395132884e-07
"419",0.001,NA,8.14700074069918e-07
"420",0.001,NA,7.32900506950074e-09
"421",0.001,NA,8.14700074069918e-07
"422",0.001,NA,1.25676477469305e-06
"423",0.001,NA,4.49197988261485e-06
"424",0.001,NA,1.25676477469305e-06
"425",0.001,NA,6.63633287523169e-06
"426",0.001,NA,2.08939113122142e-07
"427",0.001,NA,4.49197988261485e-06
"428",0.001,NA,1.19547458155012e-07
"429",0.001,NA,6.24631013579346e-10
"430",0.001,NA,8.95304619330517e-09
"431",0.001,NA,2.08939113122142e-07
"432",0.001,NA,5.87538133700605e-08
"433",0.001,NA,1.25676477469305e-06
"434",0.001,NA,2.08939113122142e-07
"435",0.001,NA,5.87538133700605e-08
"436",0.001,NA,3.0099578535947e-05
"437",0.001,NA,2.07652221577703e-05
"438",0.001,NA,0.000304022930789682
"439",0.001,NA,4.20584944649249e-09
"440",0.001,NA,3.0099578535947e-05
"441",0.001,NA,1.19547458155012e-07
"442",0.001,NA,0.000118525403126402
"443",0.001,NA,3.17243209480012e-08
"444",0.001,NA,1.25676477469305e-06
"445",0.001,NA,4.20584944649249e-09
"446",0.001,NA,2.01829422796784e-06
"447",0.001,NA,6.24631013579346e-10
"448",0.001,NA,3.17243209480012e-08
"449",0.001,NA,4.20584944649249e-09
"450",0.001,NA,5.6327531794409e-07
"451",0.003,NA,0.00379192325370625
"452",0.001,NA,1.25676477469305e-06
"453",0.001,NA,0.000165925744671003
"454",0.001,NA,8.31554388680544e-08
"455",0.001,NA,6.63633287523169e-06
"456",0.001,NA,0.000414535182163278
"457",0.001,NA,0.000118525403126402
"458",0.001,NA,1.43803966512479e-08
"459",0.001,NA,0.000225266396098323
"460",0.001,NA,3.17243209480012e-08
"461",0.001,NA,3.17243209480012e-08
"462",0.001,NA,3.17243209480012e-08
"463",0.001,NA,4.49197988261485e-06
"464",0.001,NA,4.35979807811293e-10
"465",0.001,NA,8.14700074069918e-07
"466",0.001,NA,2.08939113122142e-07
"467",0.001,NA,2.07652221577703e-05
"468",0.001,NA,1.60258806225499e-10
"469",0.001,NA,3.0099578535947e-05
"470",0.001,NA,5.87538133700605e-08
"471",0.001,NA,4.20584944649249e-09
"472",0.001,NA,6.63633287523169e-06
"473",0.001,NA,3.0099578535947e-05
"474",0.001,NA,4.35979807811293e-10
"475",0.001,NA,8.14700074069918e-07
"476",0.001,NA,2.08939113122142e-07
"477",0.001,NA,3.17243209480012e-08
"478",0.001,NA,9.87712549738173e-06
"479",0.001,NA,3.71469395132884e-07
"480",0.001,NA,1.60258806225499e-10
"481",0.001,NA,3.17243209480012e-08
"482",0.001,NA,2.01829422796784e-06
"483",0.001,NA,3.17243209480012e-08
"484",0.001,NA,3.71469395132884e-07
"485",0.001,NA,7.32900506950074e-09
"486",0.001,NA,3.0099578535947e-05
"487",0.001,NA,4.49197988261485e-06
"488",0.001,NA,7.32900506950074e-09
"489",0.001,NA,1.25676477469305e-06
"490",0.001,NA,3.17243209480012e-08
"491",0.001,NA,3.17243209480012e-08
"492",0.001,NA,2.08939113122142e-07
"493",0.001,NA,4.49197988261485e-06
"494",0.001,NA,5.6327531794409e-07
"495",0.001,NA,8.14700074069918e-07
"496",0.001,NA,4.49197988261485e-06
"497",0.001,NA,0.000304022930789682
"498",0.001,NA,7.32900506950074e-09
"499",0.001,NA,1.43803966512479e-08
"500",0.001,NA,2.01829422796784e-06
"501",0.001,NA,1.3249734642784e-11
"502",0.001,NA,3.17243209480012e-08
"503",0.001,NA,2.01829422796784e-06
"504",0.001,NA,0.000225266396098323
"505",0.001,NA,3.17243209480012e-08
"506",0.001,NA,1.25676477469305e-06
"507",0.001,NA,3.71469395132884e-07
"508",0.001,NA,2.08939113122142e-07
"509",0.001,NA,1.43355342960838e-05
"510",0.001,NA,3.71469395132884e-07
"511",0.001,NA,3.06603408173345e-06
"512",0.001,NA,8.3767285239511e-05
"513",0.001,NA,4.20584944649249e-09
"514",0.001,NA,0.00131525699734414
"515",0.001,NA,3.71469395132884e-07
"516",0.001,NA,5.6327531794409e-07
"517",0.001,NA,3.71469395132884e-07
"518",0.001,NA,1.19547458155012e-07
"519",0.001,NA,8.14700074069918e-07
"520",0.001,NA,3.71469395132884e-07
"521",0.001,NA,1.19547458155012e-07
"522",0.001,NA,2.01829422796784e-06
"523",0.001,NA,2.01829422796784e-06
"524",0.001,NA,4.20584944649249e-09
"525",0.001,NA,4.49197988261485e-06
"526",0.001,NA,6.00175156008076e-05
"527",0.001,NA,8.31554388680544e-08
"528",0.001,NA,1.19547458155012e-07
"529",0.001,NA,6.30828722592014e-13
"530",0.001,NA,9.87712549738173e-06
"531",0.001,NA,7.32900506950074e-09
"532",0.001,NA,3.0099578535947e-05
"533",0.001,NA,8.14700074069918e-07
"534",0.001,NA,3.06603408173345e-06
"535",0.001,NA,2.07652221577703e-05
"536",0.001,NA,7.32900506950074e-09
"537",0.001,NA,5.87538133700605e-08
"538",0.001,NA,1.43803966512479e-08
"539",0.001,NA,5.6327531794409e-07
"540",0.001,NA,3.06603408173345e-06
"541",0.001,NA,1.25676477469305e-06
"542",0.001,NA,5.6327531794409e-07
"543",0.001,NA,5.6327531794409e-07
"544",0.001,NA,5.87538133700605e-08
"545",0.001,NA,1.25676477469305e-06
"546",0.001,NA,5.6327531794409e-07
"547",0.001,NA,8.3767285239511e-05
"548",0.001,NA,0.000118525403126402
"549",0.001,NA,8.95304619330517e-09
"550",0.001,NA,0.000414535182163278
"551",0.001,NA,3.0099578535947e-05
"552",0.001,NA,1.19547458155012e-07
"553",0.001,NA,6.63633287523169e-06
"554",0.001,NA,3.71469395132884e-07
"555",0.001,NA,7.32900506950074e-09
"556",0.001,NA,3.17243209480012e-08
"557",0.001,NA,4.49197988261485e-06
"558",0.001,NA,1.43803966512479e-08
"559",0.001,NA,1.25676477469305e-06
"560",0.001,NA,2.08939113122142e-07
"561",0.001,NA,1.58239876757449e-09
"562",0.001,NA,8.14700074069918e-07
"563",0.001,NA,1.60258806225499e-10
"564",0.001,NA,5.87538133700605e-08
"565",0.001,NA,6.63633287523169e-06
"566",0.001,NA,3.71469395132884e-07
"567",0.001,NA,6.24631013579346e-10
"568",0.001,NA,4.49197988261485e-06
"569",0.001,NA,4.31213369015415e-05
"570",0.001,NA,4.31213369015415e-05
"571",0.001,NA,5.87538133700605e-08
"572",0.001,NA,8.95304619330517e-09
"573",0.001,NA,6.00175156008076e-05
"574",0.001,NA,8.3767285239511e-05
"575",0.001,NA,4.49197988261485e-06
"576",0.001,NA,2.01829422796784e-06
"577",0.001,NA,4.49197988261485e-06
"578",0.001,NA,2.07652221577703e-05
"579",0.001,NA,0.000304022930789682
"580",0.001,NA,1.43803966512479e-08
"581",0.001,NA,3.17243209480012e-08
"582",0.001,NA,8.31554388680544e-08
"583",0.001,NA,2.07652221577703e-05
"584",0.001,NA,3.71469395132884e-07
"585",0.001,NA,3.0099578535947e-05
"586",0.001,NA,4.20584944649249e-09
"587",0.001,NA,0.000304022930789682
"588",0.001,NA,8.31554388680544e-08
"589",0.001,NA,4.20584944649249e-09
"590",0.001,NA,1.19547458155012e-07
"591",0.001,NA,0.000165925744671003
"592",0.001,NA,8.95304619330517e-09
"593",0.002,NA,0.00379192325370625
"594",0.001,NA,3.71469395132884e-07
"595",0.001,NA,5.6327531794409e-07
"596",0.001,NA,1.43355342960838e-05
"597",0.001,NA,1.60258806225499e-10
"598",0.001,NA,6.63633287523169e-06
"599",0.001,NA,5.87538133700605e-08
"600",0.001,NA,4.20584944649249e-09
"601",0.001,NA,4.20584944649249e-09
"602",0.001,NA,2.07652221577703e-05
"603",0.001,NA,0.000165925744671003
"604",0.001,NA,6.00175156008076e-05
"605",0.001,NA,1.25676477469305e-06
"606",0.001,NA,4.31213369015415e-05
"607",0.001,NA,9.87712549738173e-06
"608",0.001,NA,0.000118525403126402
"609",0.001,NA,5.87538133700605e-08
"610",0.001,NA,4.49197988261485e-06
"611",0.001,NA,8.95304619330517e-09
"612",0.001,NA,3.06603408173345e-06
"613",0.002,NA,0.00131525699734414
"614",0.001,NA,4.49197988261485e-06
"615",0.001,NA,3.06603408173345e-06
"616",0.001,NA,3.71469395132884e-07
"617",0.002,NA,0.00293388097445924
"618",0.001,NA,4.49197988261485e-06
"619",0.001,NA,3.71469395132884e-07
"620",0.001,NA,8.31554388680544e-08
"621",0.001,NA,6.63633287523169e-06
"622",0.001,NA,4.49197988261485e-06
"623",0.001,NA,6.30828722592014e-13
"624",0.001,NA,0.000165925744671003
"625",0.001,NA,3.71469395132884e-07
"626",0.001,NA,0.00131525699734414
"627",0.001,NA,2.08939113122142e-07
"628",0.001,NA,1.25676477469305e-06
"629",0.001,NA,1.19547458155012e-07
"630",0.001,NA,8.31554388680544e-08
"631",0.001,NA,0.000118525403126402
"632",0.001,NA,4.31213369015415e-05
"633",0.001,NA,5.6327531794409e-07
"634",0.001,NA,0.000225266396098323
"635",0.001,NA,4.31213369015415e-05
"636",0.001,NA,3.06603408173345e-06
"637",0.001,NA,3.0099578535947e-05
"638",0.001,NA,2.08939113122142e-07
"639",0.002,NA,0.000754051894885976
"640",0.001,NA,3.06603408173345e-06
"641",0.001,NA,2.01829422796784e-06
"642",0.001,NA,2.07652221577703e-05
"643",0.001,NA,0.000118525403126402
"644",0.001,NA,0.000304022930789682
"645",0.001,NA,4.35979807811293e-10
"646",0.001,NA,4.49197988261485e-06
"647",0.001,NA,3.06603408173345e-06
"648",0.001,NA,8.31554388680544e-08
"649",0.001,NA,5.6327531794409e-07
"650",0.001,NA,0.000118525403126402
"651",0.001,NA,2.08939113122142e-07
"652",0.001,NA,3.06603408173345e-06
"653",0.001,NA,1.25676477469305e-06
"654",0.001,NA,4.20584944649249e-09
"655",0.001,NA,4.49197988261485e-06
"656",0.001,NA,2.01829422796784e-06
"657",0.001,NA,2.07652221577703e-05
"658",0.001,NA,2.08939113122142e-07
"659",0.003,NA,0.00131525699734414
"660",0.001,NA,3.06603408173345e-06
"661",0.001,NA,3.0099578535947e-05
"662",0.001,NA,4.49197988261485e-06
"663",0.001,NA,1.19547458155012e-07
"664",0.001,NA,8.14700074069918e-07
"665",0.001,NA,0.000225266396098323
"666",0.001,NA,6.00175156008076e-05
"667",0.001,NA,3.71469395132884e-07
"668",0.001,NA,4.49197988261485e-06
"669",0.001,NA,2.01829422796784e-06
"670",0.001,NA,3.71469395132884e-07
"671",0.001,NA,3.0099578535947e-05
"672",0.001,NA,8.31554388680544e-08
"673",0.001,NA,3.06603408173345e-06
"674",0.001,NA,8.95304619330517e-09
"675",0.001,NA,1.43803966512479e-08
"676",0.001,NA,1.25676477469305e-06
"677",0.001,NA,1.43355342960838e-05
"678",0.001,NA,1.19547458155012e-07
"679",0.001,NA,1.25676477469305e-06
"680",0.001,NA,0.000565698421827632
"681",0.001,NA,1.19547458155012e-07
"682",0.001,NA,1.43803966512479e-08
"683",0.001,NA,4.49197988261485e-06
"684",0.001,NA,0.00379192325370625
"685",0.001,NA,5.6327531794409e-07
"686",0.001,NA,2.01829422796784e-06
"687",0.001,NA,6.63633287523169e-06
"688",0.001,NA,4.20584944649249e-09
"689",0.001,NA,3.0099578535947e-05
"690",0.001,NA,6.00175156008076e-05
"691",0.001,NA,3.0099578535947e-05
"692",0.001,NA,1.60258806225499e-10
"693",0.001,NA,3.71469395132884e-07
"694",0.001,NA,5.6327531794409e-07
"695",0.001,NA,1.58239876757449e-09
"696",0.001,NA,3.71469395132884e-07
"697",0.001,NA,6.63633287523169e-06
"698",0.001,NA,1.19547458155012e-07
"699",0.001,NA,9.87712549738173e-06
"700",0.001,NA,1.19547458155012e-07
"701",0.001,NA,2.08939113122142e-07
"702",0.001,NA,8.95304619330517e-09
"703",0.001,NA,1.43355342960838e-05
"704",0.001,NA,2.07652221577703e-05
"705",0.001,NA,3.06603408173345e-06
"706",0.001,NA,0.000165925744671003
"707",0.001,NA,3.06603408173345e-06
"708",0.001,NA,4.49197988261485e-06
"709",0.001,NA,1.19547458155012e-07
"710",0.001,NA,8.14700074069918e-07
"711",0.001,NA,8.3767285239511e-05
"712",0.001,NA,1.25676477469305e-06
"713",0.001,NA,3.06603408173345e-06
"714",0.001,NA,0.000304022930789682
"715",0.001,NA,6.63633287523169e-06
"716",0.001,NA,2.07652221577703e-05
"717",0.001,NA,3.06603408173345e-06
"718",0.001,NA,3.71469395132884e-07
"719",0.001,NA,6.24631013579346e-10
"720",0.001,NA,2.07652221577703e-05
"721",0.001,NA,3.0099578535947e-05
"722",0.001,NA,0.000225266396098323
"723",0.001,NA,4.20584944649249e-09
"724",0.001,NA,0.000118525403126402
"725",0.001,NA,4.49197988261485e-06
"726",0.001,NA,4.20584944649249e-09
"727",0.001,NA,3.17243209480012e-08
"728",0.001,NA,4.35979807811293e-10
"729",0.001,NA,4.31213369015415e-05
"730",0.001,NA,6.63633287523169e-06
"731",0.001,NA,9.87712549738173e-06
"732",0.001,NA,8.3767285239511e-05
"733",0.001,NA,1.25676477469305e-06
"734",0.001,NA,4.31213369015415e-05
"735",0.001,NA,8.3767285239511e-05
"736",0.001,NA,3.0099578535947e-05
"737",0.001,NA,8.31554388680544e-08
"738",0.001,NA,2.01829422796784e-06
"739",0.001,NA,8.95304619330517e-09
"740",0.001,NA,3.06603408173345e-06
"741",0.001,NA,3.17243209480012e-08
"742",0.001,NA,1.43803966512479e-08
"743",0.001,NA,8.14700074069918e-07
"744",0.001,NA,2.08939113122142e-07
"745",0.001,NA,4.31213369015415e-05
"746",0.001,NA,8.14700074069918e-07
"747",0.001,NA,9.87712549738173e-06
"748",0.001,NA,5.6327531794409e-07
"749",0.001,NA,2.01829422796784e-06
"750",0.001,NA,7.32900506950074e-09
"751",0.001,NA,1.3249734642784e-11
"752",0.001,NA,3.17243209480012e-08
"753",0.001,NA,1.25676477469305e-06
"754",0.001,NA,4.31213369015415e-05
"755",0.001,NA,9.87712549738173e-06
"756",0.001,NA,2.07652221577703e-05
"757",0.001,NA,1.43803966512479e-08
"758",0.001,NA,2.08939113122142e-07
"759",0.001,NA,5.6327531794409e-07
"760",0.001,NA,9.87712549738173e-06
"761",0.001,NA,9.87712549738173e-06
"762",0.001,NA,1.43355342960838e-05
"763",0.001,NA,3.0099578535947e-05
"764",0.001,NA,0.00131525699734414
"765",0.001,NA,2.01829422796784e-06
"766",0.001,NA,0.000165925744671003
"767",0.001,NA,4.49197988261485e-06
"768",0.001,NA,7.32900506950074e-09
"769",0.001,NA,2.08939113122142e-07
"770",0.001,NA,0.000165925744671003
"771",0.001,NA,1.19547458155012e-07
"772",0.001,NA,1.58239876757449e-09
"773",0.001,NA,3.17243209480012e-08
"774",0.001,NA,3.06603408173345e-06
"775",0.001,NA,8.14700074069918e-07
"776",0.001,NA,1.43355342960838e-05
"777",0.001,NA,9.87712549738173e-06
"778",0.001,NA,2.07652221577703e-05
"779",0.001,NA,1.43803966512479e-08
"780",0.001,NA,2.08939113122142e-07
"781",0.001,NA,8.31554388680544e-08
"782",0.001,NA,8.95304619330517e-09
"783",0.001,NA,8.31554388680544e-08
"784",0.001,NA,2.83922885202514e-11
"785",0.001,NA,2.01829422796784e-06
"786",0.001,NA,6.00175156008076e-05
"787",0.001,NA,1.25676477469305e-06
"788",0.001,NA,3.0099578535947e-05
"789",0.001,NA,6.24631013579346e-10
"790",0.001,NA,1.25676477469305e-06
"791",0.001,NA,5.87538133700605e-08
"792",0.001,NA,1.43355342960838e-05
"793",0.001,NA,3.17243209480012e-08
"794",0.001,NA,1.3249734642784e-11
"795",0.001,NA,3.17243209480012e-08
"796",0.001,NA,3.06603408173345e-06
"797",0.001,NA,8.31554388680544e-08
"798",0.001,NA,0.000565698421827632
"799",0.001,NA,8.14700074069918e-07
"800",0.001,NA,1.60258806225499e-10
"801",0.001,NA,3.0099578535947e-05
"802",0.001,NA,1.19547458155012e-07
"803",0.001,NA,2.07652221577703e-05
"804",0.001,NA,8.14700074069918e-07
"805",0.001,NA,8.95304619330517e-09
"806",0.001,NA,8.14700074069918e-07
"807",0.001,NA,3.17243209480012e-08
"808",0.001,NA,6.00175156008076e-05
"809",0.001,NA,8.3767285239511e-05
"810",0.001,NA,2.08939113122142e-07
"811",0.001,NA,2.08939113122142e-07
"812",0.001,NA,2.01829422796784e-06
"813",0.001,NA,4.49197988261485e-06
"814",0.001,NA,3.06603408173345e-06
"815",0.001,NA,1.19547458155012e-07
"816",0.001,NA,8.95304619330517e-09
"817",0.001,NA,2.01829422796784e-06
"818",0.001,NA,3.71469395132884e-07
"819",0.001,NA,2.08939113122142e-07
"820",0.001,NA,1.3249734642784e-11
"821",0.001,NA,2.07652221577703e-05
"822",0.001,NA,2.08939113122142e-07
"823",0.001,NA,9.87712549738173e-06
"824",0.001,NA,5.6327531794409e-07
"825",0.001,NA,4.49197988261485e-06
"826",0.001,NA,1.19547458155012e-07
"827",0.001,NA,2.08939113122142e-07
"828",0.001,NA,3.17243209480012e-08
"829",0.001,NA,5.87538133700605e-08
"830",0.001,NA,4.31213369015415e-05
"831",0.001,NA,2.07652221577703e-05
"832",0.001,NA,1.25676477469305e-06
"833",0.001,NA,0.000225266396098323
"834",0.001,NA,5.87538133700605e-08
"835",0.001,NA,3.0099578535947e-05
"836",0.001,NA,4.20584944649249e-09
"837",0.001,NA,1.25676477469305e-06
"838",0.001,NA,5.87538133700605e-08
"839",0.001,NA,4.35979807811293e-10
"840",0.001,NA,4.31213369015415e-05
"841",0.001,NA,8.95304619330517e-09
"842",0.001,NA,6.63633287523169e-06
"843",0.001,NA,3.71469395132884e-07
"844",0.001,NA,8.14700074069918e-07
"845",0.001,NA,6.24631013579346e-10
"846",0.007,NA,0.00293388097445924
"847",0.001,NA,4.49197988261485e-06
"848",0.001,NA,1.43803966512479e-08
"849",0.001,NA,2.08939113122142e-07
"850",0.001,NA,4.49197988261485e-06
"851",0.001,NA,4.49197988261485e-06
"852",0.001,NA,5.6327531794409e-07
"853",0.001,NA,5.6327531794409e-07
"854",0.001,NA,2.08939113122142e-07
"855",0.001,NA,1.43355342960838e-05
"856",0.001,NA,4.20584944649249e-09
"857",0.001,NA,4.31213369015415e-05
"858",0.001,NA,3.71469395132884e-07
"859",0.001,NA,6.63633287523169e-06
"860",0.001,NA,8.14700074069918e-07
"861",0.001,NA,6.24631013579346e-10
"862",0.001,NA,1.25676477469305e-06
"863",0.001,NA,9.87712549738173e-06
"864",0.001,NA,0.000995587375361429
"865",0.001,NA,5.6327531794409e-07
"866",0.001,NA,3.06603408173345e-06
"867",0.001,NA,1.58239876757449e-09
"868",0.001,NA,1.43803966512479e-08
"869",0.001,NA,1.19547458155012e-07
"870",0.001,NA,9.87712549738173e-06
"871",0.001,NA,3.71469395132884e-07
"872",0.001,NA,8.14700074069918e-07
"873",0.001,NA,1.43803966512479e-08
"874",0.001,NA,3.17243209480012e-08
"875",0.001,NA,1.19547458155012e-07
"876",0.001,NA,7.32900506950074e-09
"877",0.001,NA,6.63633287523169e-06
"878",0.001,NA,2.01829422796784e-06
"879",0.001,NA,4.49197988261485e-06
"880",0.001,NA,6.63633287523169e-06
"881",0.001,NA,4.35979807811293e-10
"882",0.001,NA,3.17243209480012e-08
"883",0.001,NA,3.0099578535947e-05
"884",0.001,NA,8.31554388680544e-08
"885",0.001,NA,4.20584944649249e-09
"886",0.001,NA,8.3767285239511e-05
"887",0.001,NA,2.07652221577703e-05
"888",0.001,NA,2.08939113122142e-07
"889",0.001,NA,2.07652221577703e-05
"890",0.001,NA,5.6327531794409e-07
"891",0.001,NA,3.17243209480012e-08
"892",0.001,NA,8.3767285239511e-05
"893",0.001,NA,1.58239876757449e-09
"894",0.001,NA,1.60258806225499e-10
"895",0.001,NA,9.87712549738173e-06
"896",0.001,NA,2.08939113122142e-07
"897",0.001,NA,1.43355342960838e-05
"898",0.001,NA,3.06603408173345e-06
"899",0.001,NA,1.43803966512479e-08
"900",0.001,NA,4.20584944649249e-09
"901",0.001,NA,1.25676477469305e-06
"902",0.001,NA,6.63633287523169e-06
"903",0.001,NA,2.08939113122142e-07
"904",0.001,NA,9.87712549738173e-06
"905",0.001,NA,3.06603408173345e-06
"906",0.001,NA,3.17243209480012e-08
"907",0.001,NA,0.000165925744671003
"908",0.001,NA,8.31554388680544e-08
"909",0.001,NA,4.31213369015415e-05
"910",0.001,NA,6.00175156008076e-05
"911",0.001,NA,0.000304022930789682
"912",0.001,NA,0.000165925744671003
"913",0.001,NA,6.00175156008076e-05
"914",0.001,NA,1.43355342960838e-05
"915",0.001,NA,6.63633287523169e-06
"916",0.001,NA,5.87538133700605e-08
"917",0.001,NA,1.25676477469305e-06
"918",0.001,NA,5.6327531794409e-07
"919",0.001,NA,3.71469395132884e-07
"920",0.001,NA,0.000225266396098323
"921",0.001,NA,4.49197988261485e-06
"922",0.001,NA,3.06603408173345e-06
"923",0.001,NA,8.95304619330517e-09
"924",0.001,NA,8.31554388680544e-08
"925",0.001,NA,1.25676477469305e-06
"926",0.001,NA,3.71469395132884e-07
"927",0.001,NA,7.32900506950074e-09
"928",0.001,NA,0.00379192325370625
"929",0.001,NA,6.63633287523169e-06
"930",0.001,NA,6.63633287523169e-06
"931",0.001,NA,1.43803966512479e-08
"932",0.001,NA,2.07652221577703e-05
"933",0.001,NA,6.24631013579346e-10
"934",0.001,NA,1.19547458155012e-07
"935",0.001,NA,8.14700074069918e-07
"936",0.001,NA,4.49197988261485e-06
"937",0.001,NA,4.20584944649249e-09
"938",0.001,NA,4.31213369015415e-05
"939",0.001,NA,8.31554388680544e-08
"940",0.001,NA,8.95304619330517e-09
"941",0.001,NA,8.95304619330517e-09
"942",0.001,NA,8.31554388680544e-08
"943",0.001,NA,3.17243209480012e-08
"944",0.001,NA,4.49197988261485e-06
"945",0.001,NA,4.49197988261485e-06
"946",0.001,NA,4.20584944649249e-09
"947",0.001,NA,8.14700074069918e-07
"948",0.001,NA,1.25676477469305e-06
"949",0.001,NA,3.17243209480012e-08
"950",0.001,NA,8.95304619330517e-09
"951",0.001,NA,2.08939113122142e-07
"952",0.001,NA,3.17243209480012e-08
"953",0.001,NA,8.31554388680544e-08
"954",0.001,NA,1.43355342960838e-05
"955",0.001,NA,4.20584944649249e-09
"956",0.001,NA,8.14700074069918e-07
"957",0.001,NA,4.20584944649249e-09
"958",0.001,NA,2.07652221577703e-05
"959",0.001,NA,2.08939113122142e-07
"960",0.001,NA,1.43355342960838e-05
"961",0.001,NA,6.00175156008076e-05
"962",0.001,NA,3.06603408173345e-06
"963",0.001,NA,2.07652221577703e-05
"964",0.001,NA,8.14700074069918e-07
"965",0.001,NA,8.14700074069918e-07
"966",0.001,NA,0.000118525403126402
"967",0.001,NA,7.32900506950074e-09
"968",0.001,NA,2.01829422796784e-06
"969",0.001,NA,2.01829422796784e-06
"970",0.001,NA,4.49197988261485e-06
"971",0.001,NA,3.06603408173345e-06
"972",0.001,NA,1.43803966512479e-08
"973",0.001,NA,4.35979807811293e-10
"974",0.001,NA,1.43803966512479e-08
"975",0.001,NA,2.01829422796784e-06
"976",0.001,NA,8.14700074069918e-07
"977",0.001,NA,3.17243209480012e-08
"978",0.002,NA,0.00226209984200354
"979",0.001,NA,5.87538133700605e-08
"980",0.001,NA,1.25676477469305e-06
"981",0.001,NA,8.31554388680544e-08
"982",0.001,NA,8.14700074069918e-07
"983",0.001,NA,5.87538133700605e-08
"984",0.001,NA,5.87538133700605e-08
"985",0.001,NA,0.000118525403126402
"986",0.001,NA,1.43355342960838e-05
"987",0.001,NA,2.08939113122142e-07
"988",0.001,NA,7.32900506950074e-09
"989",0.001,NA,4.49197988261485e-06
"990",0.001,NA,1.25676477469305e-06
"991",0.001,NA,2.07652221577703e-05
"992",0.001,NA,1.43803966512479e-08
"993",0.001,NA,8.14700074069918e-07
"994",0.001,NA,8.31554388680544e-08
"995",0.001,NA,1.43355342960838e-05
"996",0.001,NA,1.25676477469305e-06
"997",0.001,NA,2.08939113122142e-07
"998",0.001,NA,2.08939113122142e-07
"999",0.001,NA,6.63633287523169e-06
"1000",0.001,NA,6.24631013579346e-10
